##TITLE=Parameter List, ParaVision 360 V3.6
##JCAMPDX=4.24
##DATATYPE=Parameter Values
##ORIGIN=Bruker BioSpin GmbH & Co. KG
##OWNER=nmrsu
$$ Write Options: Symbolic Enums
$$ 2024-07-25 09:53:02.610 +0200  nmrsu@host
$$ /opt/nmrdata/PV-360.3.6/data/nmrsu/20240725_090212_std_PV360_3_6_94T_protocols_1_1/12/MapShim
$$ process /opt/PV-360.3.6/prog/bin/parxserver
##$PVM_MapShimReady=Yes
##$PVM_MapShimLocShim=No
##$PVM_MapShimStatus=( 128 )
<Mapshim ready.>
##$PVM_MapShimFailure=( 1, 21 )
<Mapshim is possible.>
##$PVM_MapShimCalcStat=( 256 )
<Succeeded>
##$PVM_DynamicShim=( 1, 10 )
0 0 0 0 0 0 0 0 0 0
##$PVM_MapShimNVolumes=1
##$PVM_MapShimVolDescr=(<BRUKER_SHIMVOL>, GeoCuboidPackId, 
Ellipsoid_In_GobjShape, <PVM_MapShimVolumes>, <>, 0, <+1; 1st dir> <+2; 2nd 
dir> <+3; 3rd dir>, Yes, 524288)
##$PVM_MapShimVolumes=( 1 )
(((0.99999069832886101 -0.0035305568139431301 0.0024775843761838598 
0.0035101320946046601 0.99996021631530396 0.0082002901976079602 
-0.0025064373991817599 -0.0081915172727690198 0.99996330773500597, 
-0.31293917155471235 5.0450340055722629 2.832676856839079, 0 0 0), 10.1754 
5.7977499999999997 9.4509060783489645, <+1; 1st dir> <+2; 2nd dir> <+3; 3rd 
dir>, 0), 1, 1, 1, 9.4509060783489645, 0, No)
##$PVM_MapShimVolShape=Ellipsoid
##$PVM_StudyB0Map=(</opt/nmrdata/PV-360.3.6/data/nmrsu>, 
<20240725_090212_std_PV360_3_6_94T_protocols_1_1>, 19, 1, 
<2.16.756.5.5.200.906653985.1404.1721893785.1154>, <B0Map_Standard>, <>)
##$PVM_B0MapShimset=( 10 )
0 -10.498970016021973 0 0 2.7824826428625924 -5.1979858091096363 0 0 0 0
##$PVM_ReqShimEnum=Map_Shim
##$PVM_MapShimUseShims=AllShims
##$PVM_MapShimVolDerive=No
##$PVM_MapShimVolMargin=( 3 )
0 0 0
##$PVM_MapShimVolMaster=( 65 )
<PVM_SliceGeoObj>
##$PVM_DynamicShimEnable=No
##$PVM_DynamicShimConstrainToFast=No
##$PVM_DynamicShimSliceMargin=1
##$PVM_DynamicShimEventDuration=30
##$PVM_ShimCoeffNcal=10
##$PVM_ShimCoeffNcoeff=36
##$PVM_ShimCoeffId=( 10, 42 )
<Ch1: Spf17 FRED> <Ch2: Spf3 Gradient Z> <Ch3: Spf4 SPS1,1 CoilPins=B1-B2 
CoilId=1> <Ch4: Spf9 SPS1,7 CoilPins=B4-B5 CoilId=6> <Ch5: Spf1 Gradient X> 
<Ch6: Spf2 Gradient Y> <Ch7: Spf5 SPS1,4 CoilPins=C4-C5 CoilId=2> <Ch8: Spf6 
SPS1,3 CoilPins=D1-D2 CoilId=3> <Ch9: Spf7 SPS1,6 CoilPins=F1-F2 CoilId=4> 
<Ch10: Spf8 SPS1,5 CoilPins=E4-E5 CoilId=5>
##$PVM_ShimCoeffHwStatus=( 1024 )
<B-GA105S HP GRAD SYSTEM BC94/17 MAXWELL (BFR W149640/0021).222714468>
##$PVM_ShimCoeffCalVersion=( 128 )
<PV-360-1.1-V1>
##$PVM_ShimCoeffCoeff=( 10, 36 )
-625000 0 0 0 0 0 0 0 0 0 0 0 0 0 0 0 0 0 0 0 0 0 0 0 0 0 0 0 0 0 0 0 0 0 0 0 
-46.374411312926078 134.88040935533598 0 0 0.13927557194315521 0 0 0 0 
-0.028681361542921807 0 0 0 0 0 0 0 0 0 0 0 0 0 0 0 0 0 0 0 0 0 0 0 0 0 0 
2296.763847226639 -2.0937599283205 -0 -0 -7.1532289640987656 -0 -0 -0 -0 -0 
-0 -0 -0 -0 -0 -0 0.0017244645780610485 -0 -0 -0 -0 -0 -0 -0 -0 0 0 0 0 0 0 0 
0 0 0 0 -7.3268716553153546 7.955129533406506 0 0 -0.025605357825594172 0 0 0 
0 -0.069780923096778247 0 0 0 0 0 0 0 0 0 0 0 0 0 0 0 1.9227378318664936e-05 
0 0 0 0 0 0 0 0 0 0 -22.786854480874624 0 143.10589601956113 0 0 0 0 0 0 0 
-0.084052728939081542 0 0 0 0 0 0 0 0 0 0 0 0 0 0 0 0 0 0 0 0 0 0 0 0 0 
-14.177675604348815 0 0 141.54096756609923 0 0 0 0 0 0 0 0 0 
-0.059889235948200767 0 0 0 0 0 0 0 0 0 0 0 0 0 0 0 0 0 0 0 0 0 0 
1.5390673852495758 0 1.4544117039756161 0 0 7.6941797372137941 0 0 0 0 0 0 0 
0 0 0 0.00041445533553368118 -0.0022577130455040408 0 0 0 0 0 0 0 0 0 0 0 0 0 
0 0 0 0 0 -10.277571092314222 0.70627838115382113 0 2.7238792258685214 0 
0.14315800227490699 0 7.8139817895294472 0 0 0 0 0 0 0 0 0 0 0 0 0 
-0.0023867345021597449 0 0 0 0 0 0 0 0 0 0 0 0 0 0 55.424497334859517 0 0 0 0 
0 0 0 5.1217773008461984 0 0 0 0 0 0 0 0 0 0 0 0 0 -0.0026444902452129743 0 0 
0 0 0 0 0 0 0 0 0 0 0 8.040039062803956 0 1.2487963094379986 
-0.55403634764688303 0 0 4.7944366236606095 0 0 0 0 0 0 0 0 0 0 0 
-0.002732588024255429 0 0 0 0 0 0 0 0 0 0 0 0 0 0 0 0 0
##$PVM_ShimCoeffCoeffSD=( 10, 36 )
0 0 0 0 0 0 0 0 0 0 0 0 0 0 0 0 0 0 0 0 0 0 0 0 0 0 0 0 0 0 0 0 0 0 0 0 
0.099476910471380117 0.021146732019680033 0 0 0.0030662206739748505 0 0 0 0 
0.00039081966920476982 0 0 0 0 0 0 0 0 0 0 0 0 0 0 0 0 0 0 0 0 0 0 0 0 0 0 
-0.056516231033498399 -0.012012795863830528 -0 -0 -0.0017423491837233937 -0 
-0 -0 -0 -0 -0 -0 -0 -0 -0 -0 -2.645872758188297e-05 -0 -0 -0 -0 -0 -0 -0 -0 
0 0 0 0 0 0 0 0 0 0 0 0.0072987748220423908 0.0015517267203683223 0 0 
0.00022497335460043452 0 0 0 0 2.8684872421648157e-05 0 0 0 0 0 0 0 0 0 0 0 0 
0 0 0 3.8918591138345335e-07 0 0 0 0 0 0 0 0 0 0 0.085065131492611912 0 
0.018213167310349609 0 0 0 0 0 0 0 0.00082640690107302361 0 0 0 0 0 0 0 0 0 0 
0 0 0 0 0 0 0 0 0 0 0 0 0 0 0 0.094649897488660581 0 0 0.020120951928794321 0 
0 0 0 0 0 0 0 0 0.00091863589182202357 0 0 0 0 0 0 0 0 0 0 0 0 0 0 0 0 0 0 0 
0 0 0 0.038212791197609237 0 0.008180523325597119 0 0 0.0020490625472023636 0 
0 0 0 0 0 0 0 0 0 1.7886184967338793e-05 5.7381051317959781e-05 0 0 0 0 0 0 0 
0 0 0 0 0 0 0 0 0 0 0 0.029171243283662118 0.0062007125121542987 0 
0.0062007125121543256 0 0.0015641316417204633 0 0.0015739058566755742 0 0 0 0 
0 0 0 0 0 0 0 0 0 4.3363968094321495e-05 0 0 0 0 0 0 0 0 0 0 0 0 0 0 
0.056214306826681763 0 0 0 0 0 0 0 0.0015070764293951785 0 0 0 0 0 0 0 0 0 0 
0 0 0 8.8887155497744392e-05 0 0 0 0 0 0 0 0 0 0 0 0 0 0.035194668750900361 0 
0.0075332004069103842 0.0074796773774546523 0 0 0.00095015295519922419 0 0 0 
0 0 0 0 0 0 0 0 5.6418925314012493e-05 0 0 0 0 0 0 0 0 0 0 0 0 0 0 0 0 0
##$PVM_CfgInfoMr_ElectronicSystem=( 128 )
<AVANCE NEO>
##$PVM_CfgInfoMr_FieldStrength=9.4039148017098526
##$PVM_CfgInfoMr_Frequency=400.39499999999998
##$PVM_CfgInfoMr_OperationMode=( 1024 )
<[1H] TX Volume Array, RX Surface Array>
##$PVM_CfgInfoMr_GradientCoil=( 1024 )
<B-GA105S HP GRAD SYSTEM BC94/17 MAXWELL (BFR_W149640_0021)>
##$PVM_CfgInfoMr_GradientController=( 3, 1024 )
<Gradient Controller (BFR_W149910_1542)> <Gradient Controller 
(BFR_W149910_1533)> <Gradient Controller (BFR_W149910_1543)>
##$PVM_CfgInfoMr_GradientAmplifier=( 3, 1024 )
<BGA> <BGA> <BGA>
##$PVM_CfgInfoMr_GradientPowerSupply=( 3, 1024 )
<IECO_XPA> <IECO_XPA> <IECO_XPA>
##$PVM_CfgInfoMr_GradientPowerSupplyImax=( 10 )
150 150 150 0 0 0 0 0 0 0
##$PVM_CfgInfoMr_ShimCoil=( 1024 )
<B-GA105S HP GRAD SYSTEM BC94/17 MAXWELL (BFR_W149640_0021)>
##$PVM_CfgInfoMr_ShimController=( 1, 1024 )
<Shim Controller (BFR_W149910_1386)>
##$PVM_CfgInfoMr_ShimUnitType=( 128 )
<GTCUBE>
##$PVM_CfgInfoMr_ShimPowerSupply=( 1, 1024 )
<BSPS_8155>
##$PVM_CfgInfoMr_SPSOutputChannels=8
##$PVM_CfgInfoMr_SPSToCoilChan=( 8, 14 )
<Shim_Z2> <Not Connected> <Shim_YZ> <Shim_XZ> <Shim_X2_Y2> <Shim_2XY> 
<Shim_Z3> <Not Connected>
##$PVM_CfgInfoMr_SPSToCoilImax=( 8 )
5 5 5 5 5 5 5 5
##$PVM_CfgInfoMr_SPSToCoilUmax=( 8 )
16 16 16 16 16 16 16 16
##$PVM_CfgInfoMr_ShimMaxValue=131070
##$PVM_CfgInfoMr_RfPowerTransmitter=( 2, 1024 )
<AV4 BLABB1000 15-650 (W148221_000011)> <AV4 BLA2BB500 15-650 (W148220_000004)
>
##$PVM_CfgInfoMr_Transceiver=( 7, 1024 )
<AV4 TRANSCEIVER 1200 (BCH_Z148391_10315)> <AV4 TRANSCEIVER 1200 
(BCH_Z148391_07953)> <AV4 TRANSCEIVER 1200 (BCH_Z148391_07950)> <AV4 
TRANSCEIVER 1200 (BCH_Z148391_07951)> <AV4 TRANSCEIVER 1200 
(BCH_Z148391_08072)> <AV4 TRANSCEIVER 1200 (BCH_Z148391_07952)> <AV4 
TRANSCEIVER 1200 (BCH_Z148391_07954)>
##$PVM_CfgInfoMr_ShimChecksumComponentName=( 36, 32 )
<GTCUBE> <shimMaxVal=131070> <nSPS=8> <Shim_Z2> <SPS_vmax[0]=16> 
<SPS_imax[0]=5000> <Shim_Invalid> <SPS_vmax[1]=16> <SPS_imax[1]=5000> 
<Shim_YZ> <SPS_vmax[2]=16> <SPS_imax[2]=5000> <Shim_XZ> <SPS_vmax[3]=16> 
<SPS_imax[3]=5000> <Shim_X2_Y2> <SPS_vmax[4]=16> <SPS_imax[4]=5000> <Shim_2XY>
 <SPS_vmax[5]=16> <SPS_imax[5]=5000> <Shim_Z3> <SPS_vmax[6]=16> 
<SPS_imax[6]=5000> <Shim_Invalid> <SPS_vmax[7]=16> <SPS_imax[7]=5000> 
<shimStatus=BFR_W149640_0021> <nGPS=3> <IECO_XPA> <GPS_imax[1]=150000> 
<IECO_XPA> <GPS_imax[2]=150000> <IECO_XPA> <GPS_imax[4]=150000> 
<gradientStatus=BFR_W149640_0021>
##$PVM_CfgInfoMr_ShimChecksumComponentValue=( 36, 32 )
<ShimUnit=7> <shimMaxVal=131070> <nSPS=8> <SPS_ch2sh[0]=2> <SPS_vmax[0]=16> 
<SPS_imax[0]=5000> <SPS_ch2sh[1]=64> <SPS_vmax[1]=16> <SPS_imax[1]=5000> 
<SPS_ch2sh[2]=8> <SPS_vmax[2]=16> <SPS_imax[2]=5000> <SPS_ch2sh[3]=7> 
<SPS_vmax[3]=16> <SPS_imax[3]=5000> <SPS_ch2sh[4]=10> <SPS_vmax[4]=16> 
<SPS_imax[4]=5000> <SPS_ch2sh[5]=9> <SPS_vmax[5]=16> <SPS_imax[5]=5000> 
<SPS_ch2sh[6]=3> <SPS_vmax[6]=16> <SPS_imax[6]=5000> <SPS_ch2sh[7]=64> 
<SPS_vmax[7]=16> <SPS_imax[7]=5000> <shimStatus=BFR_W149640_0021> <nGPS=3> 
<GPS_type[1]=15> <GPS_imax[1]=150000> <GPS_type[2]=15> <GPS_imax[2]=150000> 
<GPS_type[4]=15> <GPS_imax[4]=150000> <gradientStatus=BFR_W149640_0021>
##$PVM_CfgInfoMr_NShimChecksumComponents=36
##$PVM_MapShimReportBasicShimStatistics=( 2 )
(Yes, <Map>, 285.50624847412109, 4790, -8.5443682151711506, 
16.550013155704168, -103.50394152417371, 84.678096158318894, 
12.098215988140485, 100, 37, 12) (Yes, <Basic Shim>, 285.50624847412109, 4790,
 1.8734505016683956e-12, 8.8236398858177445, -107.90430973947619, 
97.957051857805652, 4.9399894309918064, 100, 79, 72)
##$PVM_MapShimReportDynamicShimStatistics=( 2, 1 )
(No, <>, 0, 0, 0, 0, 0, 0, 0, 0, 0, 0) (No, <>, 0, 0, 0, 0, 0, 0, 0, 0, 0, 0)
##$PVM_AdjShimset=( 10 )
0.093184352816800028 -5.3801720983713945 5.1541042884533068 
-0.32396815381583244 2.7526670916750038 -7.590618318522818 
0.33763535607935485 0.11932322075047801 -0.88976232422822821 
1.1387868460761459
##$PVM_MapShimReportBasicShimHistograms=( 4, 100 )
-57.69790728761253 -56.704906498270276 -55.711905708928029 
-54.718904919585782 -53.725904130243528 -52.732903340901281 
-51.739902551559027 -50.74690176221678 -49.753900972874526 
-48.760900183532279 -47.767899394190025 -46.774898604847778 
-45.781897815505531 -44.788897026163276 -43.795896236821029 
-42.802895447478775 -41.809894658136528 -40.816893868794281 
-39.823893079452027 -38.830892290109773 -37.837891500767526 
-36.844890711425279 -35.851889922083025 -34.858889132740771 
-33.865888343398524 -32.872887554056277 -31.879886764714026 
-30.886885975371776 -29.893885186029525 -28.900884396687275 
-27.907883607345024 -26.914882818002773 -25.921882028660526 
-24.928881239318272 -23.935880449976025 -22.942879660633771 
-21.949878871291524 -20.956878081949277 -19.963877292607023 
-18.970876503264776 -17.977875713922522 -16.984874924580275 
-15.991874135238021 -14.998873345895774 -14.005872556553527 
-13.012871767211273 -12.019870977869026 -11.026870188526772 
-10.033869399184525 -9.0408686098422706 -8.0478678205000236 
-7.0548670311577695 -6.0618662418155225 -5.0688654524732755 
-4.0758646631310214 -3.0828638737887744 -2.0898630844465202 
-1.0968622951042732 -0.10386150576201914 0.88913928358022787 
1.8821400729224749 2.875140862264729 3.868141651606976 4.8611424409492301 
5.8541432302914842 6.8471440196337312 7.8401448089759782 8.8331455983182252 
9.8261463876604722 10.819147177002733 11.81214796634498 12.805148755687227 
13.798149545029474 14.791150334371736 15.784151123713983 16.77715191305623 
17.770152702398477 18.763153491740724 19.756154281082985 20.749155070425232 
21.742155859767479 22.735156649109726 23.728157438451987 24.721158227794234 
25.714159017136481 26.707159806478728 27.700160595820975 28.693161385163236 
29.686162174505483 30.67916296384773 31.672163753189977 32.665164542532239 
33.658165331874486 34.651166121216733 35.64416691055898 36.637167699901227 
37.630168489243488 38.623169278585735 39.616170067927982 40.609170857270229 
0.0049261083743842365 0.019704433497536946 0.034482758620689655 
0.029556650246305417 0.014778325123152709 0.034482758620689655 
0.054187192118226604 0.044334975369458129 0.024630541871921183 
0.034482758620689655 0.019704433497536946 0.054187192118226604 
0.054187192118226604 0.044334975369458129 0.064039408866995079 
0.068965517241379309 0.059113300492610835 0.059113300492610835 
0.088669950738916259 0.10837438423645321 0.088669950738916259 
0.10344827586206896 0.13300492610837439 0.13793103448275862 
0.13793103448275862 0.14285714285714285 0.17241379310344829 
0.21674876847290642 0.17733990147783252 0.20689655172413793 
0.22167487684729065 0.23645320197044334 0.20689655172413793 
0.2857142857142857 0.23645320197044334 0.2413793103448276 0.31034482758620691 
0.24630541871921183 0.33497536945812806 0.31034482758620691 
0.38423645320197042 0.33004926108374383 0.41871921182266009 
0.45812807881773399 0.54187192118226601 0.55172413793103448 
0.53694581280788178 0.69458128078817738 0.79802955665024633 
0.86699507389162567 1 0.89162561576354682 0.81280788177339902 
0.8719211822660099 0.72906403940886699 0.66995073891625612 0.6354679802955665 
0.51724137931034486 0.54187192118226601 0.54679802955665024 
0.45320197044334976 0.45320197044334976 0.3891625615763547 
0.33990147783251229 0.33990147783251229 0.30049261083743845 
0.2857142857142857 0.23152709359605911 0.24630541871921183 
0.20689655172413793 0.25615763546798032 0.23152709359605911 
0.17733990147783252 0.14778325123152711 0.17733990147783252 
0.11822660098522167 0.19211822660098521 0.14285714285714285 
0.078817733990147784 0.088669950738916259 0.064039408866995079 
0.073891625615763554 0.064039408866995079 0.068965517241379309 
0.049261083743842367 0.054187192118226604 0.024630541871921183 
0.024630541871921183 0.019704433497536946 0.039408866995073892 
0.009852216748768473 0.044334975369458129 0.034482758620689655 
0.024630541871921183 0.014778325123152709 0.0049261083743842365 
0.014778325123152709 0 0 0.0049261083743842365 -26.206210460876829 
-25.676792067727764 -25.147373674578699 -24.617955281429634 
-24.088536888280569 -23.559118495131507 -23.029700101982442 
-22.500281708833377 -21.970863315684312 -21.441444922535247 
-20.912026529386182 -20.382608136237117 -19.853189743088052 
-19.323771349938987 -18.794352956789922 -18.264934563640857 
-17.735516170491792 -17.206097777342727 -16.676679384193662 -16.1472609910446 
-15.617842597895535 -15.08842420474647 -14.559005811597405 -14.02958741844834 
-13.500169025299277 -12.970750632150212 -12.441332239001147 
-11.911913845852082 -11.382495452703017 -10.853077059553954 
-10.323658666404889 -9.7942402732558236 -9.2648218801067586 
-8.7354034869576935 -8.2059850938086285 -7.6765667006595635 
-7.1471483075104985 -6.617729914361437 -6.088311521212372 -5.5588931280633069 
-5.0294747349142419 -4.5000563417651769 -3.9706379486161119 
-3.4412195554670468 -2.9118011623179818 -2.3823827691689168 
-1.8529643760198518 -1.3235459828707867 -0.79412758972172526 
-0.26470919657266023 0.26470919657640479 0.79412758972546982 
1.3235459828745348 1.8529643760235999 2.3823827691726649 2.9118011623217299 
3.4412195554707949 3.97063794861986 4.500056341768925 5.0294747349179865 
5.558893128067055 6.0883115212161201 6.6177299143651851 7.1471483075142501 
7.676566700663308 8.2059850938123731 8.7354034869614381 9.2648218801105031 
9.7942402732595681 10.323658666408633 10.853077059557698 11.382495452706763 
11.911913845855828 12.441332239004893 12.970750632153958 13.500169025303023 
14.029587418452088 14.559005811601153 15.088424204750218 15.617842597899283 
16.147260991048348 16.676679384197413 17.206097777346478 17.735516170495544 
18.264934563644609 18.794352956793666 19.323771349942731 19.853189743091797 
20.382608136240862 20.912026529389927 21.441444922538992 21.970863315688057 
22.500281708837122 23.029700101986187 23.559118495135252 24.088536888284317 
24.617955281433382 25.147373674582447 25.676792067731512 26.206210460880577 
1.5588950551848849e-05 0.015885140612333978 0.00010912265386294194 
0.012751761551412359 4.6766851655546547e-05 0.015931907463989523 
0.0033360354180956538 0.0033048575169919562 0.0095716156388351934 
0.015931907463989523 0.009556026688283344 0.0065005923801209715 
0.012829706304171604 0.022292199289143853 0.0065317702812246678 
0.025534701003928413 0.028668080064850034 0.025503523102824718 
0.025597056806135811 0.019330298684292577 0.022432499844110495 
0.019314709733740727 0.032066471285153081 0.057398515931907465 
0.041575731121780882 0.038426763110307412 0.04484941073766914 
0.067141610026813001 0.070181455384423524 0.070274989087734621 
0.12095466733179522 0.067203965829020385 0.08926233085988651 
0.12748643761301989 0.12733054810750138 0.16532082060235703 
0.15288083806198166 0.15900729562885826 0.19409802332107001 
0.20351374945438672 0.28602606472532266 0.19091787740849286 
0.29562885826526158 0.37170293695828399 0.44791731620627301 
0.57769532955041469 0.65676248674939208 0.85029930785059549 
0.88227224543243754 0.9932499844110495 1 0.8699102076448213 
0.77155951861320693 0.65782253538691782 0.49597805075762297 
0.41351250233834264 0.38808692398827715 0.29910519423832388 
0.25487934152272868 0.22957847477707802 0.21662405686849159 
0.15016836066595995 0.12781380557460872 0.11816424518301429 
0.12765791606909022 0.099052191806447587 0.089511754068716087 
0.073517490802519167 0.095716156388351931 0.05761676123963335 
0.054608093783126511 0.048201035106316639 0.035371328802145038 
0.035277795098833949 0.035371328802145038 0.044677932281598796 
0.029088981729749955 0.038426763110307412 0.035059549791108063 
0.038255284654237075 0.019189998129325932 0.038208517802581526 
0.031848225977427196 0.012876473155827149 0.012814117353619755 
0.022323377190247552 0.0095716156388351934 0.012736172600860511 
0.022214254536384613 0.00961838249049074 0.012689405749204965 
0.0096339714410425895 0.0064382365779135746 0.0095716156388351934 
0.012704994699756814 0.0095092598366277991 0.0063758807757061803 
0.0094936708860759497 0.015822784810126583 0.012673816798653115
##$PVM_MapShimReportDynamicShimHistograms=( 1, 4, 100 )
0 0 0 0 0 0 0 0 0 0 0 0 0 0 0 0 0 0 0 0 0 0 0 0 0 0 0 0 0 0 0 0 0 0 0 0 0 0 0 
0 0 0 0 0 0 0 0 0 0 0 0 0 0 0 0 0 0 0 0 0 0 0 0 0 0 0 0 0 0 0 0 0 0 0 0 0 0 0 
0 0 0 0 0 0 0 0 0 0 0 0 0 0 0 0 0 0 0 0 0 0 0 0 0 0 0 0 0 0 0 0 0 0 0 0 0 0 0 
0 0 0 0 0 0 0 0 0 0 0 0 0 0 0 0 0 0 0 0 0 0 0 0 0 0 0 0 0 0 0 0 0 0 0 0 0 0 0 
0 0 0 0 0 0 0 0 0 0 0 0 0 0 0 0 0 0 0 0 0 0 0 0 0 0 0 0 0 0 0 0 0 0 0 0 0 0 0 
0 0 0 0 0 0 0 0 0 0 0 0 0 0 0 0 0 0 0 0 0 0 0 0 0 0 0 0 0 0 0 0 0 0 0 0 0 0 0 
0 0 0 0 0 0 0 0 0 0 0 0 0 0 0 0 0 0 0 0 0 0 0 0 0 0 0 0 0 0 0 0 0 0 0 0 0 0 0 
0 0 0 0 0 0 0 0 0 0 0 0 0 0 0 0 0 0 0 0 0 0 0 0 0 0 0 0 0 0 0 0 0 0 0 0 0 0 0 
0 0 0 0 0 0 0 0 0 0 0 0 0 0 0 0 0 0 0 0 0 0 0 0 0 0 0 0 0 0 0 0 0 0 0 0 0 0 0 
0 0 0 0 0 0 0 0 0 0 0 0 0 0 0 0 0 0 0 0 0 0 0 0 0 0 0 0 0 0 0 0 0 0 0 0 0 0 0 
0 0 0 0 0 0 0 0 0 0
##$PVM_MapShimReportShimCalcStatus=( 1, 11 )
<Succeeded.>
##$PVM_MapShimReportNDynamicShims=1
##$PVM_MapShimReportNShims=10
##$PVM_MapShimReportShimProperties=( 10 )
(<Z0>, 1, 0) (<Z>, 1.7045454545454548, 0) (<Z2>, 5, 1) (<Z3>, 5, 1) (<X>, 
1.7133590298016361, 0) (<Y>, 1.7126458063321608, 0) (<ZX>, 5, 1) (<ZY>, 5, 1) 
(<2XY>, 5, 1) (<X2-Y2>, 5, 1)
##$PVM_MapShimReportShimIdentifiers=( 10, 42 )
<Ch1: Spf17 FRED> <Ch2: Spf3 Gradient Z> <Ch3: Spf4 SPS1,1 CoilPins=B1-B2 
CoilId=1> <Ch4: Spf9 SPS1,7 CoilPins=B4-B5 CoilId=6> <Ch5: Spf1 Gradient X> 
<Ch6: Spf2 Gradient Y> <Ch7: Spf5 SPS1,4 CoilPins=C4-C5 CoilId=2> <Ch8: Spf6 
SPS1,3 CoilPins=D1-D2 CoilId=3> <Ch9: Spf7 SPS1,6 CoilPins=F1-F2 CoilId=4> 
<Ch10: Spf8 SPS1,5 CoilPins=E4-E5 CoilId=5>
##$PVM_MapShimReportShimHardwareChainIdentifier=( 69 )
<B-GA105S HP GRAD SYSTEM BC94/17 MAXWELL (BFR W149640/0021).222714468>
##$PVM_MapShimGradCC=205501.10000000001
##$PVM_MapShimScalingFactors=( 3 )
0.96699999999999997 0.98199999999999998 1
##$PVM_MapShimReportCradlePositions=( 2 )
0 0.0018873929392384525
##END=
$$ File finished by PARX at 2024-07-25 09:53:02.611 +0200
