##TITLE=Parameter List, ParaVision 360 V3.6
##JCAMPDX=4.24
##DATATYPE=Parameter Values
##ORIGIN=Bruker BioSpin GmbH & Co. KG
##OWNER=nmrsu
$$ Write Options: Symbolic Enums, RLE encoded arrays, symbol visibility
$$ 2024-07-25 09:59:09.982 +0200  nmrsu@host
$$ /opt/nmrdata/PV-360.3.6/data/nmrsu/20240725_090212_std_PV360_3_6_94T_protocols_1_1/13/method
$$ process /opt/PV-360.3.6/prog/bin/parxserver
##$Method=<Bruker:EPI>
##$PVM_GeoObj=( 3, 65 )
<PVM_SliceGeoObj> <PVM_EpiTrajGeoObj> <PVM_AtsRefGeoObj>
##$PVM_StudyInstrumentPosition=Head_Prone
##$PVM_ExportHandler=( 3 )
(<BRUKER_PARIMPORT_SLICEGEO>, <>, <Slice Geometry>) (<BRUKER_PARIMPORT_FOVSAT>
, <>, <FOV Saturation>) (<BRUKER_PARIMPORT_SLICEORIENT>, <>, <Slice 
Orientation>)
##$PVM_AtsBedPositionMode=ATS_POS_REFERENCE
##$PVM_AtsChangeRefPos=No
##$PVM_AtsRefGeoObj=(<BRUKER_REFPOS>, GeoPlanarId, Standard_GobjShape, 
<PVM_AtsRefGeoCub>, <>, 0, <D1;first> <D2;second> <S;slice>, No, -1)
##$PVM_AtsRefGeoCub=( 1 )
(((1 0 0 0 1 0 0 0 1, 0 0 0, 0 0 0), 50 50 0.25, <+D1;first> <+D2;second> 
<+S;slice>, 0), 1, 1, 1, 0.25, 0, No)
##$PVM_AtsRefPosTransferred=Yes
##$PVM_EffSWh=208333.33333333334
##$EchoTime=24.5
##$PVM_MinEchoTime=23.539496937692419
##$PVM_EchoTime=0.61439999999999995
##$NSegments=1
##$PVM_RepetitionTime=2000
##$PackDel=0
##$PVM_NEchoImages=1
##$PVM_NAverages=1
##$PVM_NRepetitions=1
##$PVM_ScanTime=2000
##$PVM_SignalType=SignalType_Fid
##$PVM_DeriveGains=Yes
##$PVM_EncGenOpt=No
##$PVM_EncGenEllipse=No
##$PVM_MbEncNBands=1
##$PVM_MbEncAccelFactor=1
##$PVM_MbEncBlipFactor=1
##$PVM_EncGen3D=Yes
##$PVM_EncGen4D=No
##$PVM_EncGenPpi=No
##$PVM_EncGenCaipirinha=No
##$PVM_EncGenTCaipirinha=No
##$PVM_EncVirtualCoils=No
##$PVM_EncCS=No
##$PVM_EncCSUndersampling=100
##$PVM_EncCSCenterRatio=10
##$PVM_EncCSNumRef=( 2 )
128 64
##$PVM_EncCSGradOpt=No
##$PVM_EncCSEllipse=No
##$PVM_EncPftAlgorithm=Zerofilling
##$PVM_EncPpiRefScan=No
##$PVM_IsEpiScan=Yes
##$PVM_SpatDimEnum=<2D>
##$PVM_IsotropicFovRes=Isot_None
##$PVM_Matrix=( 2 )
128 96
##$PVM_MinMatrix=( 2 )
16 16
##$PVM_MaxMatrix=( 2 )
512 512
##$PVM_DefMatrix=( 3 )
96 64 32
##$PVM_AntiAlias=( 2 )
1 1
##$PVM_MaxAntiAlias=( 2 )
2 8
##$PVM_EncSpectroscopy=No
##$PVM_EncUseMultiRec=Yes
##$PVM_EncActReceivers=( 1 )
On
##$PVM_EncZf=( 2 )
1 1
##$PVM_EncPft=( 2 )
1 1.2
##$PVM_EncPftOverscans=( 2 )
64 32
##$PVM_EncPpi=( 2 )
1 1
##$PVM_EncPpiRefLines=( 2 )
0 0
##$PVM_EncPpiGopRefLines=( 3 )
32 24 24
##$PVM_EncOrder=( 2 )
LINEAR_ENC LINEAR_ENC
##$PVM_EncStart=( 2 )
0 -1
##$PVM_EncNReceivers=4
##$PVM_EncAvailReceivers=7
##$PVM_EncChanScaling=( 4 )
0.99099999999999999 0.96599999999999997 0.98899999999999999 1
##$PVM_EncChanPhase=( 4 )
348.75999999999999 52.990000000000002 352.43000000000001 21.289999999999999
##$PVM_EncMatrix=( 2 )
128 80
##$PVM_EncTotalAccel=1.2
##$PVM_EncSteps0=( 1 )
0
##$PVM_EncSteps1=( 80 )
-32 -31 -30 -29 -28 -27 -26 -25 -24 -23 -22 -21 -20 -19 -18 -17 -16 -15 -14 
-13 -12 -11 -10 -9 -8 -7 -6 -5 -4 -3 -2 -1 0 1 2 3 4 5 6 7 8 9 10 11 12 13 14 
15 16 17 18 19 20 21 22 23 24 25 26 27 28 29 30 31 32 33 34 35 36 37 38 39 40 
41 42 43 44 45 46 47
##$PVM_EncSteps2=( 1 )
0
##$PVM_EncCentralStep1=33
##$PVM_EncValues1=( 80 )
-0.66666666666666663 -0.64583333333333337 -0.625 -0.60416666666666663 
-0.58333333333333337 -0.5625 -0.54166666666666663 -0.52083333333333337 -0.5 
-0.47916666666666669 -0.45833333333333331 -0.4375 -0.41666666666666669 
-0.39583333333333331 -0.375 -0.35416666666666669 -0.33333333333333331 -0.3125 
-0.29166666666666669 -0.27083333333333331 -0.25 -0.22916666666666666 
-0.20833333333333334 -0.1875 -0.16666666666666666 -0.14583333333333334 -0.125 
-0.10416666666666667 -0.083333333333333329 -0.0625 -0.041666666666666664 
-0.020833333333333332 0 0.020833333333333332 0.041666666666666664 0.0625 
0.083333333333333329 0.10416666666666667 0.125 0.14583333333333334 
0.16666666666666666 0.1875 0.20833333333333334 0.22916666666666666 0.25 
0.27083333333333331 0.29166666666666669 0.3125 0.33333333333333331 
0.35416666666666669 0.375 0.39583333333333331 0.41666666666666669 0.4375 
0.45833333333333331 0.47916666666666669 0.5 0.52083333333333337 
0.54166666666666663 0.5625 0.58333333333333337 0.60416666666666663 0.625 
0.64583333333333337 0.66666666666666663 0.6875 0.70833333333333337 
0.72916666666666663 0.75 0.77083333333333337 0.79166666666666663 0.8125 
0.83333333333333337 0.85416666666666663 0.875 0.89583333333333337 
0.91666666666666663 0.9375 0.95833333333333337 0.97916666666666663
##$PVM_EncGenSteps0=( 1 )
0
##$PVM_EncGenSteps1=( 80 )
-32 -31 -30 -29 -28 -27 -26 -25 -24 -23 -22 -21 -20 -19 -18 -17 -16 -15 -14 
-13 -12 -11 -10 -9 -8 -7 -6 -5 -4 -3 -2 -1 0 1 2 3 4 5 6 7 8 9 10 11 12 13 14 
15 16 17 18 19 20 21 22 23 24 25 26 27 28 29 30 31 32 33 34 35 36 37 38 39 40 
41 42 43 44 45 46 47
##$PVM_EncGenSteps2=( 80 )
@80*(0)
##$PVM_EncGenValues1=( 80 )
-0.66666666666666663 -0.64583333333333337 -0.625 -0.60416666666666663 
-0.58333333333333337 -0.5625 -0.54166666666666663 -0.52083333333333337 -0.5 
-0.47916666666666669 -0.45833333333333331 -0.4375 -0.41666666666666669 
-0.39583333333333331 -0.375 -0.35416666666666669 -0.33333333333333331 -0.3125 
-0.29166666666666669 -0.27083333333333331 -0.25 -0.22916666666666666 
-0.20833333333333334 -0.1875 -0.16666666666666666 -0.14583333333333334 -0.125 
-0.10416666666666667 -0.083333333333333329 -0.0625 -0.041666666666666664 
-0.020833333333333332 0 0.020833333333333332 0.041666666666666664 0.0625 
0.083333333333333329 0.10416666666666667 0.125 0.14583333333333334 
0.16666666666666666 0.1875 0.20833333333333334 0.22916666666666666 0.25 
0.27083333333333331 0.29166666666666669 0.3125 0.33333333333333331 
0.35416666666666669 0.375 0.39583333333333331 0.41666666666666669 0.4375 
0.45833333333333331 0.47916666666666669 0.5 0.52083333333333337 
0.54166666666666663 0.5625 0.58333333333333337 0.60416666666666663 0.625 
0.64583333333333337 0.66666666666666663 0.6875 0.70833333333333337 
0.72916666666666663 0.75 0.77083333333333337 0.79166666666666663 0.8125 
0.83333333333333337 0.85416666666666663 0.875 0.89583333333333337 
0.91666666666666663 0.9375 0.95833333333333337 0.97916666666666663
##$PVM_EncGenTotalSteps=80
##$PVM_EncGenLoopOuter=1
##$PVM_EpiPrefixNavYes=No
##$PVM_EpiSingleNav=No
##$PVM_EpiCombine=No
##$PVM_EpiEchoMode=0
##$PVM_EpiGradSync=No
##$PVM_EpiTempGridding=No
##$PVM_EpiRampMode=UserSlope
##$PVM_EpiRampForm=Line
##$PVM_EpiRampComp=No
##$PVM_EpiNShots=1
##$PVM_EpiEchoPosition=40
##$PVM_EpiRampTime=0.070000000000000007
##$PVM_EpiSlope=80
##$PVM_EpiEffSlope=72.413005969079379
##$PVM_EpiBlipTime=0.10000000000000001
##$PVM_EpiEchoDelay=20.433951483146966
##$PVM_EpiModuleTime=50.678302966293934
##$PVM_EpiGradDwellTime=10
##$PVM_EpiPrevRampTimeOut=0.070000000000000007
##$PVM_EpiPrevRampTimeUsage=Yes
##$PVM_EpiAutoGhost=Yes
##$PVM_EpiMaxOrder=1
##$PVM_EpiDynCorr=No
##$PVM_EpiDoubleShotAdj=In_Multishot
##$PVM_EpiAcqDelayTrim=15.5
##$PVM_EpiBlipsOff=No
##$PVM_EpiBlipAsym=0
##$PVM_EpiReadAsym=0
##$PVM_EpiReadDephTrim=100
##$PVM_EpiEchoTimeShifting=Yes
##$PVM_EpiEchoShiftA=( 1 )
0.001
##$PVM_EpiEchoShiftB=( 1 )
0.61339999999999995
##$PVM_EpiDriftCorr=No
##$PVM_EpiGrappaSegAdj=Yes
##$PVM_EpiGrappaThresh=0.050000000000000003
##$PVM_EpiUseNav=Yes
##$PVM_EpiUseDyn=Yes
##$PVM_EpiMatrix=( 4 )
128 80 0 0
##$PVM_EpiEchoSpacing=0.61439999999999995
##$PVM_EpiEffBandwidth=1627.6041666666667
##$PVM_EpiBandwidth=208333.33333333334
##$PVM_EpiPrevBandwidthOut=208333.33333333334
##$PVM_EpiPrevBandwidthUsage=Yes
##$PVM_EpiDephaseTime=0.37595148314696769
##$PVM_EpiRefDephaseTime=0.37595148314696769
##$PVM_EpiDephaseRampTime=0.10000000000000001
##$PVM_EpiPlateau=0.47439999999999993
##$PVM_EpiAcqDelay=0.4459514831469677
##$PVM_EpiInterTime=0.070000000000000007
##$PVM_EpiSwitchTime=0.14000000000000001
##$PVM_EpiReadDephGrad=-0.5
##$PVM_EpiReadRefDephGrad=-0.5
##$PVM_EpiReadOddGrad=-0.50689104178355571
##$PVM_EpiReadEvenGrad=0.50689104178355571
##$PVM_EpiPhaseDephGrad=-0.28214548126377664
##$PVM_EpiPhaseRephGrad=-0.42321822189566494
##$PVM_EpiBlipOddGrad=0.048661540011221346
##$PVM_EpiBlipEvenGrad=0.048661540011221346
##$PVM_EpiPhaseEncGrad=0
##$PVM_EpiPhaseRewGrad=-0
##$PVM_EpiPhase3DGrad=0
##$PVM_EpiNEchoes=80
##$PVM_EpiEchoCounter=40
##$PVM_EpiRampUpIntegral=0.5
##$PVM_EpiRampDownIntegral=0.5
##$PVM_EpiBlipIntegral=0.5
##$PVM_EpiSlopeFactor=1
##$PVM_EpiSlewRate=3493.1813100827176
##$PVM_EpiNSamplesPerScan=10240
##$PVM_EpiPrefixNavDur=0
##$PVM_EpiPrefixNavSize=0
##$PVM_EpiAdjustMode=0
##$PVM_EpiAdjOrigValueUsage=Yes
##$PVM_EpiAdjOrigBlipTime=0.10000000000000001
##$PVM_EpiAdjOrigDephaseTime=0.37595148314696769
##$PVM_EpiAdjOrigNShots=1
##$PVM_EpiReadCenter=56
##$PVM_EpiPhaseCorrection=( 4, 10 )
-0.16587867767523662 -0.0072813412499591638 -0.083302741496278671 
-0.0079952495179720622 0.012571674131393498 -0.0082867187880169887 
-0.11025135513826717 -0.0077056958734288365 -0.031832432479603635 
-0.0081054376337863741 -0.16587867767523662 -0.0072813412499591638 
-0.083302741496278671 -0.0079952495179720622 0.012571674131393498 
-0.0082867187880169887 -0.11025135513826717 -0.0077056958734288365 
-0.031832432479603635 -0.0081054376337863741 -0.16587867767523662 
-0.0072813412499591638 -0.083302741496278671 -0.0079952495179720622 
0.012571674131393498 -0.0082867187880169887 -0.11025135513826717 
-0.0077056958734288365 -0.031832432479603635 -0.0081054376337863741 
-0.16587867767523662 -0.0072813412499591638 -0.083302741496278671 
-0.0079952495179720622 0.012571674131393498 -0.0082867187880169887 
-0.11025135513826717 -0.0077056958734288365 -0.031832432479603635 
-0.0081054376337863741
##$PVM_MbEpiBlipGrad=0
##$PVM_MbEpiBlipList=( 1 )
0
##$PVM_MbEpiSegList=( 1 )
0
##$PVM_MbEpiSegListP=( 1 )
0
##$PVM_MbEpiNBlip=1
##$PVM_EpiTrajAdjYesNo=Yes
##$PVM_EpiTrajAdjAutomatic=Yes
##$PVM_EpiTrajAdjMeasured=Yes
##$PVM_EpiTrajAdjkx=( 128 )
0 0.19181117838467132 0.45531806069928749 0.78001021335823584 
1.1747242042699013 1.6412261954880834 2.1840698291387248 2.7912493164139707 
3.4755643741888473 4.2158817715660533 5.0260114298799081 5.872659369698038 
6.768065306197645 7.6746774129606941 8.5885447274429687 9.5041185941953916 
10.423169658984792 11.355465588853701 12.297983419664472 13.253117408668722 
14.2211867956263 15.189458467085025 16.156897489602819 17.134925826677296 
18.122465686515287 19.107218366449274 20.089305924718147 21.073334454435326 
22.074008555946378 23.057863947446339 24.044864825933619 25.039122374972365 
26.029289274434028 27.023930673424388 28.02372109692546 29.018758943415389 
30.014662584310429 31.012390513890274 32.011248928056872 33.008855210564469 
34.009334879328797 35.003696690879124 35.999264689088619 37.000011483423322 
37.992024953313809 38.987773006261051 39.988441380040101 40.985164372408406 
41.9837620640401 42.982025675612327 43.983613645486457 44.976087028419258 
45.976810880400137 46.969994370548349 47.970342002896842 48.971977877959624 
49.962899424112308 50.962777347807481 51.96470981135991 52.960904598706115 
53.96039998981756 54.955981614612973 55.956346477563002 56.954995869345268 
57.956539524462983 58.957071061494787 59.952519306396752 60.950819925046488 
61.947569576369801 62.948127734087279 63.946812615427291 64.94975315273021 
65.946255299404001 66.948423114372787 67.941505412706562 68.942320733965659 
69.940914714581425 70.934217642823313 71.93551908691731 72.938607201850715 
73.934791175924076 74.932455296435762 75.939724589360651 76.932763969858968 
77.934571993808234 78.931139971465143 79.936005618108737 80.929340632216594 
81.931210078070649 82.933368864027443 83.93059806219145 84.931209288598453 
85.935711404108645 86.932698158133547 87.930558671829672 88.92713691118739 
89.928971896021068 90.932525325896307 91.926380311030883 92.92950819936847 
93.930914221832438 94.931640123376908 95.931673216888626 96.928089574168098 
97.928074832645123 98.927360451068978 99.923897482496272 100.92079640243961 
101.91691935825033 102.89468582270018 103.86200665961815 104.77775665259499 
105.64830916714061 106.44859710788816 107.1806354216248 107.84944836698344 
108.46076794029143 109.0184777477136 109.52401569273786 109.95808032162017 
110.33675609232697 110.65610521847464 110.916370688369 111.11594071778482 
111.25407425004309 111.3289821689423 111.35320837904871 111.30293739903803
##$PVM_EpiTrajAdjb0=( 128 )
0 0.0080965079611900193 0.0064915479556221511 0.00068884679815151006 
0.0025020955686962665 0.0022627188825836142 0.01878935536908774 
0.023525015849612974 0.024239446666598607 0.017189939674735311 
0.031919900254074707 0.030316140481123771 0.037012420303828369 
0.03456629573144282 0.039792570533574212 0.048903359994292156 
0.041897228884290039 0.044869124540099226 0.052999347607919162 
0.060850522515885463 0.064499254526548783 0.071459815644962316 
0.075122567223861958 0.073409051800264635 0.077204472883309117 
0.073397635413173817 0.087733501603108804 0.084987835087106695 
0.090084952111195243 0.098303349221825376 0.10154877159949058 
0.10472335953189593 0.10921828480919368 0.11659037710982073 
0.12113445017076752 0.13014172613562541 0.13059896320344797 
0.14088244893868465 0.13781114578341347 0.14822345475931623 
0.15138218608547013 0.15543767507177494 0.16211689775856289 
0.16704991855453019 0.17001615147974866 0.17291288668519816 
0.18686200297518435 0.18752296696936471 0.19051030257120613 
0.2001681368422937 0.20031987155542039 0.20526401645476008 
0.21335607171988516 0.2180392799251912 0.22639811446902267 
0.22929312848915381 0.23039740445922791 0.23431722768019372 
0.24479311767909442 0.25094977017716874 0.25173632424028614 
0.25548150483455873 0.25758051240103591 0.27257956031570851 
0.27045185423395102 0.27790522934726269 0.28748381536239581 
0.2888996792894335 0.29886965139962884 0.30478557404152518 
0.31228741843657004 0.31762666984546778 0.32586358394025094 
0.32695950517492284 0.33342718342577504 0.3390702357092148 
0.35085101892395021 0.34731649801056924 0.35202396119550922 
0.36363057896255901 0.3661859552310428 0.36484968362409065 
0.37478039960274678 0.3732101217468472 0.3819065705456115 0.38364625383120554 
0.38574636576919119 0.39118968281920602 0.39247067855778672 
0.39454471269386582 0.39838792224920327 0.40780682533890245 
0.40761090470001915 0.40984124372431152 0.41235737785622339 
0.41264632637183402 0.41604903131394388 0.41614951369382136 
0.42234180342015676 0.42464178021477705 0.42208072020257781 
0.42580660723799019 0.42226706292228477 0.43080475914988636 
0.43104636126786283 0.43392234625881893 0.43781943429907638 
0.43906721604553656 0.43977723379968714 0.43892787617093909 
0.43690640169410377 0.43779381305125753 0.43884178619310765 
0.43639068913179413 0.43447641672965753 0.42754315411889876 
0.42961359490987738 0.43346113783890228 0.43162786946838289 
0.42510736048476155 0.42596375155656374 0.42901308654253889 
0.42625257910591641 0.42896878973500918 0.42739887779532315 
0.42376654214694298 0.42758138562866316 0.43144126170295238
##$PVM_EpiTrajAdjReadvec=( 3 )
-0.99939082701909576 0 0.034899496702500969
##$PVM_EpiTrajAdjFov0=20
##$PVM_EpiTrajAdjMatrix0=128
##$PVM_EpiTrajAdjBw=208333.33333333334
##$PVM_EpiTrajAdjComp=No
##$PVM_EpiTrajAdjRampform=Line
##$PVM_EpiTrajAdjRampmode=UserSlope
##$PVM_EpiTrajAdjRamptime=0.070000000000000007
##$PVM_EpiTrajAdjDistRatio=0.25
##$PVM_EpiTrajAdjDistRatioUsed=0.25
##$PVM_EpiTrajGeoObj=(<Trajectory>, GeoPlanarId, Standard_GobjShape, 
<PVM_EpiTrajGeoCub>, <>, 0, <1;first> <2;second> <S;slice>, No, 4485239)
##$PVM_EpiTrajGeoCub=( 1 )
(((0 1 0 0.034899496702500969 0 -0.99939082701909576 -0.99939082701909576 0 
-0.034899496702500969, -0.24432237724618389 1.2890623603016143 
2.0476569836009677, 0 0 0), 30 30 5, <+1;first> <+2;second> <+3;third>, 1), 2,
 2, 2, 0.15625, 0, No)
##$PVM_EpiTrajMasterGeoObjParname=( 65 )
<PVM_SliceGeoObj>
##$PVM_EpiTrajMasterGeoCubParname=( 65 )
<PVM_SliceGeo>
##$ExcPulseEnum=<Calculated>
##$ExcPul=(1.9090909090909092, 2200, 90, Yes, 3, 4200, 0.23633643342862573, 
0.2005819424414248, 0, 50, 13.300218493619251, <$ExcPulseShape>)
##$ExcPulseAmpl=(13.300218493619251, 25.787805736063753, -11.23858775538044)
##$ExcPulseShape=( 800 )
2.2940434292784706e-15 -51.261641394961288 0.0033690003881441787 
180.00000000003118 0.013555753184455684 180.00000000000793 
0.030680248310924026 180.00000000000358 0.054850330058173864 
180.00000000000205 0.086161353522606871 180.00000000000134 0.1246958555959264 
180.00000000000094 0.17052324107141556 180.00000000000071 0.22369948441362275 
180.00000000000054 0.28426684771971217 180.00000000000043 0.35225361538136046 
180.00000000000037 0.42767384593615249 180.00000000000031 0.51052714157652201 
180.00000000000026 0.60079843576299352 180.0000000000002 0.69845779936617147 
180.00000000000017 0.80346026573946705 180.00000000000017 0.91574567510106419 
180.00000000000014 1.0352385385800182 180.00000000000014 1.1618479222570011 
180.00000000000014 1.295467351505752 180.00000000000011 1.435974735915867 
180.00000000000011 1.583232315052574 180.00000000000006 1.7370866252831076 
180.00000000000006 1.8973684878735793 180.00000000000006 2.0638930185336481 
180.00000000000006 2.2364596585604932 180.00000000000006 2.4148522277063025 
180.00000000000006 2.598838998867437 180.00000000000006 2.788172794666071 
180.00000000000006 2.9825911059685453 180.00000000000006 3.1818162323574555 
180.00000000000006 3.3855554445476685 180.00000000000006 3.5935011687089711 
180.00000000000006 3.8053311926312796 180.00000000000003 4.0207088936411637 
180.00000000000003 4.2392834881508463 180.00000000000003 4.4606903026938545 
180.00000000000003 4.684551066274679 180.00000000000003 4.9104742238314429 
180.00000000000003 5.1380552705844087 180.00000000000003 5.366877107015096 
180.00000000000003 5.5965104141935402 180.00000000000003 5.8265140491439951 
180.00000000000003 6.056435459911703 180.00000000000003 6.2858111199656248 
180.00000000000003 6.514166981545479 180.00000000000003 6.7410189475321856 
180.00000000000003 6.9658733613948067 180.00000000000003 7.1882275147386556 
180.00000000000003 7.4075701719515097 180.00000000000003 7.6233821114180023 
180.00000000000003 7.8351366827441256 180 8.0423003794063952 180 
8.2443334262140198 180 8.4406903809435416 180 8.630820749480959 180 
8.8141696137776275 180 8.9901782719025505 180 9.1582848894460867 180 
9.3179251615070378 180 9.4685329844698156 180 9.6095411367557109 180 
9.7403819677093857 180 9.8604880937611803 180 9.9692931009847836 180 
10.066232253152315 180 10.150743204369851 180 10.222266715362997 180 
10.280247372465665 180 10.324134308355786 180 10.353381923569543 180 
10.367450607819494 180 10.365807460135143 180 10.34792700684333 180 
10.313291916403044 180 10.261393710113623 180 10.191733467718656 180 
10.103822526936968 180 9.9971831759619949 180 9.8713493379849453 180 
9.7258672468139 180 9.5602961126805894 180 9.3742087773497254 180 
9.167192357671011 180 8.938848876743327 180 8.6887958818914708 180 
8.4166670486913198 180 8.1221127703142937 180 7.8048007315041836 180 
7.4644164665384256 180 7.1006639005725329 180 6.7132658738095188 180 
6.3019646479860878 180 5.86652239471427 179.99999999999997 5.4067216652685328 
179.99999999999997 4.9223658414578813 179.99999999999997 4.4132795672746505 
179.99999999999997 3.8793091610618244 179.99999999999997 3.3203230079928385 
179.99999999999994 2.7362119327066718 179.99999999999994 2.1268895519917548 
179.99999999999994 1.4922926074585272 179.99999999999986 0.83238127818797214 
179.99999999999974 0.14713947338554442 179.99999999999841 0.56342489488719383 
4.3196319656461682e-13 1.2992796587945716 1.9597459611505263e-13 
2.0603681614772449 1.2906653014966777e-13 2.8466090432967852 
9.7403027281072098e-14 3.6578960473711239 7.891153706420878e-14 
4.4940978441774471 6.6768257447028562e-14 5.3550578749790549 
5.8169268508399774e-14 6.2405942138221118 5.1750390806301868e-14 
7.1504994478393762 4.6768205551887304e-14 8.0845405755970958 
4.2783000133908411e-14 9.0424589232244479 3.9518037946800102e-14 
10.023970078075211 3.6790469732414075e-14 11.028763839686905 
3.4474631216552898e-14 12.056504187824078 3.248130937356805e-14 
13.106829267421395 3.0745399754634405e-14 14.179351390274533 
2.9218261198781574e-14 15.273657053368275 2.7862826287829814e-14 
16.389306973777504 2.6650349264278279e-14 17.525836140125421 
2.5558193153366444e-14 18.682753880644984 2.4568292002401202e-14 
19.859543947947479 2.3666052458504852e-14 21.055664620673035 
2.2839549211078355e-14 22.270548822266097 2.2078944089184067e-14 
23.503604257198482 2.1376053033636862e-14 24.754213565038057 
2.0724015576421492e-14 26.021734492846608 2.0117037794207903e-14 
27.305500086472811 1.9550182469467061e-14 28.604818901393919 
1.9019212575747182e-14 29.918975233845646 1.8520478557172491e-14 
31.247229373070333 1.8050820743161691e-14 32.588817875594785 
1.7607484525102818e-14 33.942953862541117 1.7188056372175753e-14 
35.308827341050382 1.6790414279845464e-14 36.685605550984569 
1.6412683022625442e-14 38.072433338140975 1.6053197762688375e-14 
39.468433555289671 1.5710477810894358e-14 40.872707492402483 
1.5383203030821973e-14 42.284335337499087 1.5070193851168909e-14 
43.702376669588254 1.4770390620974993e-14 45.125870985209808 
1.4482836969714442e-14 46.55383826011969 1.4206669146853494e-14 
47.985279547671368 1.394110438574683e-14 49.419177615446813 
1.3685433755590414e-14 50.854497621685681 1.3439013025450803e-14 
52.29018783302822 1.3201253165221865e-14 53.725180385051182 
1.2971615201125397e-14 55.158392087014803 1.2749605664626164e-14 
56.588725272164631 1.2534771206686641e-14 58.015068694841148 
1.232669405316221e-14 59.43629847553364 1.2124988162404607e-14 
60.851279094892078 1.1929294756477481e-14 62.2588644375559 
1.1739282696710761e-14 63.657898886490926 1.1554648097932946e-14 
65.047218468344482 1.1375109032889768e-14 66.425652050112873 
1.1200402275173914e-14 67.792022587201359 1.1030282003240455e-14 
69.145148422704025 1.0864518693895052e-14 70.483844637480928 
1.0702900610211482e-14 71.806924450324615 1.0545230399861079e-14 
73.113200667227957 1.0391321180076489e-14 74.40148717844707 
1.0240998006491473e-14 75.670600501751878 1.0094096745171043e-14 
76.919361369918192 9.9504618158009644e-15 78.146596360187573 
9.8099468126431792e-15 79.351139563077439 9.6724140906327664e-15 
80.531834287582456 9.5377332301739271e-15 81.687534799461687 
9.4057811547142408e-15 82.817108088965028 9.2764420163198291e-15 
83.919435664012468 9.1496061639516905e-15 84.993415364513538 
9.0251677109090544e-15 86.037963193192695 8.903025851639349e-15 
87.052015157979596 8.7830864888364818e-15 88.034529120744097 
8.6652611782252686e-15 88.98448664687902 8.5494669055024518e-15 
89.900894849996689 8.4356250562017833e-15 90.782788225789034 
8.3236601119520127e-15 91.629230468908304 8.2135000560871298e-15 
92.439316266580335 8.1050759987057659e-15 93.212173062531519 
7.998321916900436e-15 93.94696278474089 7.8931748475585224e-15 
94.642883530471366 7.7895743812152876e-15 95.299171202046367 
7.6874621669978976e-15 95.915101086867367 7.5867815620261351e-15 
96.48998937525694 7.4874781133231187e-15 97.023194609837518 
7.38949964610639e-15 97.51411906033043 7.2927960564228609e-15 
97.96221001787012 7.1973194213424631e-15 98.366961003192515 
7.1030238641552224e-15 98.727912883356069 7.0098655670037939e-15 
99.044654891991499 6.917802674629289e-15 99.316825548461466 
6.8267941562883249e-15 99.544113471723406 6.7367999339431742e-15 
99.726258085138682 6.6477821537965577e-15 99.863050208949375 
6.559702958671921e-15 99.95433253764854 6.4725246220134046e-15 100 
6.3862112051722548e-15 99.999999999999915 6.3007272739446388e-15 
99.954332537648739 6.2160382360435078e-15 99.863050208949375 
6.1321105391810725e-15 99.726258085138653 6.0489107574199324e-15 
99.544113471723335 5.9664061982228815e-15 99.316825548461466 
5.8845649501126472e-15 99.044654891991669 5.8033544706644519e-15 
98.727912883356069 5.7227423418276305e-15 98.3669610031925 
5.6426968240997706e-15 97.962210017870063 5.5631860655493725e-15 
97.514119060330557 5.4841789867176658e-15 97.023194609837674 
5.4056457795889243e-15 96.489989375256854 5.3275581598178509e-15 
95.915101086867438 5.249885909892549e-15 95.299171202046395 
5.1725973970238686e-15 94.642883530471394 5.0956631768203248e-15 
93.946962784740819 5.019053337183617e-15 93.212173062531718 
4.942737265917764e-15 92.439316266580164 4.8666847677418308e-15 
91.62923046890846 4.7908657491013735e-15 90.782788225789034 
4.7152502071035743e-15 89.900894849996703 4.6398085241928512e-15 
88.984486646879034 4.5645091450556209e-15 88.034529120744153 
4.4893186580091608e-15 87.052015157979653 4.4142037734905438e-15 
86.037963193192738 4.3391267651266301e-15 84.993415364513694 
4.2640502975372704e-15 83.919435664012397 4.1889401970243959e-15 
82.817108088965014 4.113760040537888e-15 81.687534799461829 
4.0384727241673745e-15 80.531834287582555 3.9630406207093631e-15 
79.351139563077425 3.8874240226330201e-15 78.146596360187701 
3.8115792822255892e-15 76.919361369918335 3.7354598430311469e-15 
75.670600501751935 3.6590190158540053e-15 74.401487178447141 
3.5822087225167011e-15 73.113200667227972 3.5049779196580055e-15 
71.806924450324615 3.4272738778621221e-15 70.483844637480871 
3.3490427612369639e-15 69.145148422704224 3.2702273251395653e-15 
67.792022587201458 3.1907654247791596e-15 66.42565205011303 
3.1105879431287627e-15 65.047218468344468 3.029620983754654e-15 
63.657898886490926 2.9477890190618412e-15 62.258864437555765 
2.8650117579579169e-15 60.851279094892043 2.7812046766531277e-15 
59.436298475533583 2.696277946591934e-15 58.015068694841254 
2.6101329323587788e-15 56.588725272164751 2.5226640977804747e-15 
55.158392087014946 2.433757738426166e-15 53.725180385051189 
2.3432897509091838e-15 52.290187833028206 2.2511256499438019e-15 
50.85449762168566 2.1571169160864137e-15 49.419177615446841 
2.061102883612188e-15 47.985279547671404 1.9629099058859797e-15 
46.553838260119839 1.862346912311531e-15 45.125870985209822 
1.7592034352513023e-15 43.70237666958829 1.6532533261986436e-15 
42.284335337499115 1.5442514479856225e-15 40.872707492402462 
1.4319219492912499e-15 39.468433555289842 1.3159535789182413e-15 
38.072433338141018 1.1959991272726586e-15 36.685605550984612 
1.0716729522634206e-15 35.30882734105041 9.4254348947149661e-16 
33.942953862541117 8.081230189205081e-16 32.588817875594856 
6.6785998226154014e-16 31.247229373070297 5.2113425253088338e-16 
29.918975233845668 3.6723995036155481e-16 28.604818901393905 
2.0536674762170599e-16 27.30550008647295 3.4585044045872159e-17 
26.021734492846676 -1.4618136462214383e-16 24.754213565038064 
-3.3818285853013557e-16 23.5036042571985 -5.4287979947415567e-16 
22.270548822266136 -7.6202070246734784e-16 21.055664620673078 
-9.9766694761975683e-16 19.859543947947532 -1.2522395808866989e-15 
18.682753880644995 -1.5286547659982033e-15 17.525836140125438 
-1.8304445495567491e-15 16.389306973777494 -2.1619283525902764e-15 
15.273657053368307 -2.5284585084526485e-15 14.179351390274505 
-2.9367527003309013e-15 13.106829267421441 -3.3953477298856142e-15 
12.056504187824116 -3.9152479033663853e-15 11.028763839686878 
-4.5108884991147644e-15 10.023970078075211 -5.2016004785054019e-15 
9.0424589232244461 -6.0138851090444525e-15 8.0845405755971083 
-6.9850530556157316e-15 7.1504994478393877 -8.1693963536045449e-15 
6.2405942138221135 -9.6491013958495451e-15 5.3550578749790665 
-1.1554756069908608e-14 4.4940978441774666 -1.4107192135497378e-14 
3.6578960473711395 -1.7711675442258432e-14 2.8466090432967865 
-2.32012249132056e-14 2.0603681614772569 -3.2603174846987279e-14 
1.2992796587945696 -5.2475191440351733e-14 0.56342489488720371 
-1.2257953507263633e-13 0.14713947338555569 180.00000000000045 
0.83238127818796881 180.00000000000006 1.4922926074585412 180.00000000000006 
2.1268895519917494 180.00000000000003 2.7362119327066847 180.00000000000003 
3.3203230079928345 180.00000000000003 3.8793091610618338 180 
4.4132795672746452 180 4.9223658414578857 180 5.4067216652685355 180 
5.8665223947142691 180 6.3019646479860807 180 6.7132658738095294 180 
7.1006639005725329 180 7.4644164665384283 180 7.8048007315041685 180 
8.1221127703143239 180 8.4166670486913251 180 8.6887958818914832 180 
8.9388488767432985 180 9.167192357671011 180 9.3742087773497307 180 
9.5602961126805948 180 9.7258672468138876 180 9.87134933798494 180 
9.9971831759619878 180 10.103822526936971 180 10.191733467718656 180 
10.261393710113637 180 10.313291916403063 180 10.347927006843326 180 
10.365807460135144 180 10.367450607819487 180 10.35338192356957 180 
10.324134308355788 180 10.280247372465666 180 10.222266715362997 180 
10.150743204369876 180 10.066232253152311 180 9.9692931009847996 180 
9.8604880937611874 180 9.7403819677094052 180 9.609541136755734 180 
9.4685329844698352 180 9.3179251615070466 180 9.1582848894461009 180 
8.9901782719025718 180 8.8141696137776453 180 8.6308207494809448 180 
8.440690380943547 180 8.2443334262140144 180 8.0423003794064041 180 
7.8351366827441202 180 7.6233821114180245 180 7.4075701719515106 180 
7.1882275147386556 180 6.9658733613948227 180 6.7410189475321829 180 
6.5141669815454923 180 6.2858111199656248 180 6.0564354599116959 180 
5.8265140491440164 180 5.5965104141935411 180 5.3668771070150907 180 
5.1380552705844087 180 4.9104742238314447 180 4.6845510662746817 180 
4.4606903026938625 180 4.2392834881508454 180 4.0207088936411726 180 
3.8053311926312778 180 3.5935011687089631 180 3.3855554445476779 180 
3.1818162323574568 180 2.9825911059685377 180 2.7881727946660746 180 
2.5988389988674414 180 2.414852227706302 180 2.2364596585604892 180 
2.0638930185336521 180 1.8973684878735768 180 1.7370866252831123 180 
1.5832323150525707 180 1.4359747359158692 180 1.2954673515057524 180 
1.1618479222570028 180 1.0352385385800158 180 0.91574567510106564 180 
0.80346026573946794 180 0.69845779936617214 180 0.60079843576299452 180 
0.51052714157652335 180 0.42767384593615199 180 0.35225361538136241 180 
0.28426684771971361 180 0.22369948441362389 180 0.17052324107141575 180 
0.1246958555959279 180 0.086161353522607315 180 0.054850330058175287 180 
0.030680248310924835 180 0.013555753184457103 180 0.0033690003881454091 180 
2.0276954050510195e-31 180
##$RefPulseEnum=<Calculated>
##$RefPul=(1.5454545454545454, 2200, 180, Yes, 3, 3400, 0.1687891057121122, 
0.14790863600258572, 1, 0, 159.15930855590145, <$RefPulseShape>)
##$RefPulseAmpl=(159.15930855590145, 89.207429218619865, -22.018320437502439)
##$RefPulseShape=( 800 )
1.5566218691696452 3.1136709500029355e-13 1.5488003085191435 
3.0642265306716439e-13 1.5373477901117152 3.0191743928849446e-13 
1.522110121520027 2.9785999276916817e-13 1.5029365034284279 
2.9426363116665113e-13 1.4796798505619839 2.9114765334727852e-13 
1.4521971121764217 2.8853881170938025e-13 1.420349591679561 
2.8647313353710964e-13 1.3840032649540277 2.8499845707005049e-13 
1.3430290969508485 2.8417805952431842e-13 1.2973033561245155 
2.8409560667043379e-13 1.2467079262812011 2.8486216793627809e-13 
1.1911306154144843 2.8662690857071326e-13 1.1304654611055853 
2.8959287753107748e-13 1.0646130320691571 2.9404141024340144e-13 
0.99348072542983534 3.0037187154829368e-13 0.91698305932023794 
3.0916837982667027e-13 0.83504196039651579 3.2131764290052165e-13 
0.74758704587435398 3.3823042919915573e-13 0.65455589969490369 
3.6229132256064707e-13 0.55589434243795766 3.9786845317116481e-13 
0.45155669460732178 4.5390814072837967e-13 0.34150603292189946 
5.5204781459065457e-13 0.22571443925445223 7.6145389137820689e-13 
0.10416324186919675 1.4881194576246835e-12 0.023156751381856189 
179.99999999999403 0.15624502823432765 179.99999999999923 0.29509115588010348 
179.99999999999969 0.43967457384135111 179.99999999999983 0.58996439615293517 
179.99999999999989 0.74591922314733494 179.99999999999994 0.90748696312740029 
179.99999999999997 1.0746046642040352 180 1.2471983565677898 180 
1.4251829054557832 180 1.6084618750684123 180.00000000000003 
1.7969274036835341 180.00000000000003 1.9904600902100509 180.00000000000003 
2.1889288924170534 180.00000000000003 2.3921910370702131 180.00000000000006 
2.6000919422023294 180.00000000000006 2.8124651517415917 180.00000000000006 
3.0291322827175335 180.00000000000006 3.2499029852620662 180.00000000000006 
3.4745749156204191 180.00000000000006 3.7029337223848331 180.00000000000006 
3.9347530461616764 180.00000000000006 4.1697945328813582 180.00000000000006 
4.4078078609578926 180.00000000000006 4.6485307825035749 180.00000000000006 
4.8916891788012178 180.00000000000006 5.1369971302342723 180.00000000000006 
5.3841570008704309 180.00000000000006 5.6328595378910862 180.00000000000006 
5.882783986052246 180.00000000000006 6.133598217355936 180.00000000000006 
6.3849588761029841 180.00000000000006 6.6365115394868504 180.00000000000006 
6.8878908938765822 180.00000000000006 7.1387209269221383 180.00000000000006 
7.3886151355980934 180.00000000000006 7.6371767502826051 180.00000000000006 
7.883998974945162 180.00000000000006 8.1286652434923727 180.00000000000006 
8.3707494922908765 180.00000000000006 8.6098164488557813 180.00000000000006 
8.84542193665696 180.00000000000006 9.0771131959567235 180.00000000000006 
9.3044292205505101 180.00000000000006 9.5269011102360412 180.00000000000006 
9.7440524387870937 180.00000000000006 9.9553996371561944 180.00000000000006 
10.160452391574326 180.00000000000006 10.358714056156533 180.00000000000006 
10.549682079563148 180.00000000000006 10.732848445199815 180.00000000000006 
10.907700124376429 180.00000000000006 11.073719541776674 180.00000000000006 
11.230385052521648 180.00000000000006 11.377171430043465 180.00000000000006 
11.513550363915291 180.00000000000006 11.638990966717508 180.00000000000006 
11.752960288953037 180.00000000000006 11.854923840962348 180.00000000000006 
11.944346120727339 180.00000000000006 12.020691146397683 180.00000000000003 
12.083422992321955 180.00000000000003 12.13200632732037 180.00000000000003 
12.16590695389778 180.00000000000003 12.184592347065239 180.00000000000003 
12.187532191416123 180.00000000000003 12.174198915092033 180.00000000000003 
12.144068219271409 180.00000000000003 12.096619601825042 180.00000000000003 
12.031336873806156 180.00000000000003 11.947708667478128 180.00000000000003 
11.84522893463504 180.00000000000003 11.723397434035062 180.00000000000003 
11.581720206848688 180.00000000000003 11.419710039120778 180.00000000000003 
11.236886910360337 180.00000000000003 11.032778427502718 180.00000000000003 
10.806920243638274 180.00000000000003 10.558856461067094 180.00000000000003 
10.288140018424739 180.00000000000003 9.9943330618242374 180 
9.6770073001801862 180 9.3357443451163391 180 8.9701360361125815 180 
8.5797847518160175 180 8.1643037087279122 180 7.7233172487780388 180 
7.2564611176143003 180 6.7633827357627236 180 6.2437414651554732 
179.99999999999997 5.6972088738748683 179.99999999999997 5.1234690023245175 
179.99999999999997 4.5222186344077855 179.99999999999994 3.8931675776720707 
179.99999999999994 3.2360389567575578 179.99999999999989 2.5505695248771092 
179.99999999999986 1.8365099984375974 179.9999999999998 1.0936254203010014 
179.99999999999957 0.32169555756380414 179.99999999999841 0.47948465989016148 
1.1748558282811415e-12 1.3101046534424181 4.6653691265769401e-13 
2.1703376554221827 3.0401661149086567e-13 3.0603401071072502 
2.3171057085076164e-13 3.9802509874121257 1.9070719114124206e-13 
4.9301910643448634 1.6421922851981568e-13 5.9102620610478978 
1.456426565794872e-13 6.9205457280186851 1.3185198047798843e-13 
7.9611028129191146 1.2117643581935076e-13 9.0319719192555912 
1.1264182503823337e-13 10.133168245134812 1.0564172925971775e-13 
11.264682193298119 9.9778919636336824e-14 12.426477843706678 
9.4782326453146946e-14 13.618491280113805 9.0460630611823656e-14 
14.840628762320826 8.6674921010510343e-14 16.092764736192624 
8.3321906336202284e-14 17.374739674014151 8.0323202352071736e-14 
18.686357738422732 7.7618233995509795e-14 20.027384263964322 
7.5159435064209894e-14 21.397543051320334 7.2908937028586916e-14 
22.796513470441177 7.0836223447828974e-14 24.223927370243732 
6.8916399285956647e-14 25.679365794178526 6.7128978489874299e-14 
27.162355502890961 6.5456977361953568e-14 28.672365307394372 
6.3886167162355017e-14 30.20880221867094 6.2404527872668772e-14 
31.771007422428678 6.1001833208551293e-14 33.358252090896322 
5.9669323697425137e-14 34.969733047031099 5.8399459312445059e-14 
36.604568300374858 5.7185709479746835e-14 38.261792478003301 
5.6022390108132455e-14 39.940352178594566 5.4904535126606725e-14 
41.639101282556481 5.3827776066152631e-14 43.356796256407421 
5.2788262568399241e-14 45.092091495143372 5.1782586096259896e-14 
46.843534752122665 5.0807712439792759e-14 48.609562711981575 
4.9860934775395735e-14 50.388496768200078 4.8939828221733096e-14 
52.178539073056868 4.8042213270656449e-14 53.977768933750468 
4.7166124753966766e-14 55.784139634269721 4.6309784966125468e-14 
57.595475768036863 4.54715811109268e-14 59.409471171222457 
4.465004460522649e-14 61.22368755077737 4.3843833462461404e-14 
63.035553904408843 4.3051719944318919e-14 64.842366831727986 
4.2272578720461233e-14 66.641291836387225 4.1505374674722127e-14 
68.429365717943497 4.0749153353245531e-14 70.20350014921172 
4.0003031206522709e-14 71.960486529764069 3.9266187516920449e-14 
73.697002198775039 3.8537861042946988e-14 75.409618080440708 
3.7817343619692084e-14 77.094807822553108 3.7103974055085998e-14 
78.748958473418128 3.6397134644958186e-14 80.368382724139963 
3.5696246913738189e-14 81.949332722418475 3.5000768027754054e-14 
83.488015440562762 3.4310186143723293e-14 84.980609554671773 
3.362401519673386e-14 86.423283764208563 3.2941794245521946e-14 
87.812216451977434 3.2263083957615488e-14 89.143616554345385 
3.1587464078233592e-14 90.41374548113248 3.0914534534721061e-14 
91.618939894642921 3.0243911184195697e-14 92.755635128688965 
2.9575222908685501e-14 93.820389002020292 2.8908109316698951e-14 
94.809905757211865 2.8242221188351111e-14 95.721059836683892 
2.7577221141503912e-14 96.55091919293632 2.6912778204239371e-14 
97.296767821044156 2.6248566220309001e-14 97.956127198603824 
2.5584264915714963e-14 98.526776322099067 2.4919557852642026e-14 
99.006770039365961 2.4254130669764077e-14 99.394455395531907 
2.358767136126437e-14 99.688485734330797 2.2919869051010239e-14 
99.887832327656412 2.2250411351326066e-14 99.9917933429805 
2.1578984305695643e-14 100 2.0905269518133308e-14 99.912419813544759 
2.0228940283340887e-14 99.729356868213173 1.9549664854576256e-14 
99.451449120103248 1.8867104060759891e-14 99.079662771032545 
1.8180911165656263e-14 98.615283809448115 1.749072883634743e-14 
98.059906858495765 1.6796183951430191e-14 97.415421514267592 
1.6096895558136082e-14 96.683996394997791 1.5392466494664876e-14 
95.868061154062644 1.4682475905115756e-14 94.970286735394993 
1.3966488427692731e-14 93.993564168899013 1.3244050577967882e-14 
92.940982215453644 1.2514684644754805e-14 91.815804176140333 
1.1777889438560344e-14 90.621444178666678 1.1033138604708319e-14 
89.361443246021736 1.0279874867714026e-14 88.039445438783773 
9.5175049479194768e-15 86.659174343939725 8.7454017777423102e-15 
85.22441016039032 7.9628966237542592e-15 83.738967605376075 
7.1692731301897219e-15 82.206674837771502 6.3637645852537338e-15 
80.631353564430839 5.5455492756712422e-15 79.016800465369414 
4.713753326643807e-15 77.366770043304939 3.8674410467743795e-15 
75.6849589736387 3.0056036763177222e-15 73.974992002920004 
2.1271527979904827e-15 72.240409417689321 1.2309150932795728e-15 
70.484656081703534 3.1562640397213359e-16 68.711072018180445 
-6.2008700436428089e-16 66.922884495027475 -1.5777160665759432e-15 
65.123201555107826 -2.558876881936962e-15 63.315006920453683 
-3.5653315128107521e-15 61.501156188870773 -4.5990021519244984e-15 
59.684374233473804 -5.6619907147885516e-15 57.867253710163645 
-6.756598256933654e-15 56.052254574701891 -7.885355959438656e-15 
54.241704509630864 -9.0510523003900915e-15 52.437800161579119 
-1.0256758703858342e-14 50.642609091251181 -1.1505877874344865e-14 
48.858072341382311 -1.2802190002058403e-14 47.086007531916849 
-1.414990412083688e-14 45.328112396427187 -1.5553714239053106e-14 
43.585968679136485 -1.701887180787454e-14 41.861046317658335 
-1.8551278206985471e-14 40.15470784256933 -2.0157581368463114e-14 
38.468212931043503 -2.1845300341221435e-14 36.802723057893061 
-2.3622979530208278e-14 35.159306193366959 -2.5500365740487559e-14 
33.538941502896748 -2.7488626039895273e-14 31.942524009567574 
-2.9600616500785145e-14 30.370869185398803 -3.1851214841867505e-14 
28.824717442500763 -3.4257747818736121e-14 27.304738499810014 
-3.6840498367652786e-14 25.811535605390258 -3.9623351661825852e-14 
24.345649598203966 -4.2634640932088177e-14 22.907562796824347 
-4.5908245576740206e-14 21.497702705768784 -4.9485055022442512e-14 
20.116445533011703 -5.341481248285735e-14 18.764119514787449 
-5.7758670538639727e-14 17.441008046044203 -6.2592698119591763e-14 
16.147352616876358 -6.8012696153008357e-14 14.883355556963329 
-7.4141058255938599e-14 13.649182591501551 -8.1136654243848384e-14 
12.44496521335221 -8.9209566078422652e-14 11.270802877158285 
-9.864352937478784e-14 10.126765022034709 -1.0983126334974164e-13 
9.0128929301169709 -1.2333233558259181e-13 7.929201428789785 
-1.399723271226351e-13 6.8756804448189914 -1.6102233707716509e-13 
5.8522964188968176 -1.8854621465546849e-13 4.8589935892912752 
-2.2613277784481118e-13 3.8956951533831394 -2.8062375656836403e-13 
2.9623043158841345 -3.6687886415402447e-13 2.0587052324729749 
-5.2438835899024864e-13 1.1847638574682977 -9.0441946963909112e-13 
0.34032870398755766 -3.1226590200597395e-12 0.4747684751721562 
180.00000000000222 1.2607120779462617 180.00000000000082 2.0177021070058276 
180.00000000000051 2.7459536799581161 180.00000000000037 3.445696588681125 
180.00000000000028 4.1171749010766741 180.0000000000002 4.7606465988870701 
180.0000000000002 5.3763832455918301 180.00000000000017 5.9646696787787539 
180.00000000000014 6.5258037217660458 180.00000000000014 7.0600959096364875 
180.00000000000014 7.5678692252280477 180.00000000000011 8.049458841006615 
180.00000000000011 8.5052118631232556 180.00000000000011 8.9354870743288952 
180.00000000000011 9.340654672782291 180.00000000000006 9.7210960041406409 
180.00000000000006 10.077203284665813 180.00000000000006 10.40937931341025 
180.00000000000006 10.718037171865729 180.00000000000006 11.003599909762858 
180.00000000000006 11.266500215999979 180.00000000000006 11.507180073954741 
180.00000000000006 11.726090400690882 180.00000000000006 11.923690669815272 
180.00000000000006 12.100448517965523 180.00000000000006 12.256839335116949 
180.00000000000006 12.393345839088402 180.00000000000006 12.510457634799842 
180.00000000000006 12.60867075899 180.00000000000006 12.688487211241423 
180.00000000000006 12.750414472281108 180.00000000000003 12.794965010629657 
180.00000000000003 12.822655778760323 180.00000000000003 12.834007700001484 
180.00000000000003 12.829545147473844 180.00000000000003 12.809795416396197 
180.00000000000003 12.775288191122968 180.00000000000003 12.726555008292921 
180.00000000000003 12.664128717472709 180.00000000000003 12.588542940671982 
180.00000000000003 12.500331532089765 180.00000000000003 12.400028039425301 
180.00000000000003 12.288165168051963 180.00000000000003 12.165274249310789 
180.00000000000003 12.031884714131893 180.00000000000003 11.888523573137823 
180.00000000000003 11.735714904325057 180.00000000000003 11.573979349357026 
180.00000000000003 11.403833619438005 180.00000000000003 11.225790011669533 
180.00000000000003 11.040355936723344 180.00000000000003 10.848033458595806 
180.00000000000003 10.64931884714043 180.00000000000003 10.444702144006742 
180.00000000000003 10.234666742547379 180.00000000000003 10.019688982189958 
180 9.8002377577073538 180 9.5767741437596197 180 9.3497510350226687 180 
9.1196128021644416 180 8.8867949638771968 180 8.6517238751267662 180 
8.4148164317338274 180 8.1764797913617375 180 7.9371111109463337 180 
7.6970973005689451 180 7.4568147937422617 180 7.2166293340502552 180 
6.9768957780582008 180 6.7379579143865529 180 6.5001482988226726 180 
6.2637881053274311 180 6.0291869927787056 180 5.7966429872814125 180 
5.5664423798627025 180 5.3388596393620116 180 5.1141573403179015 180 
4.8925861056474815 180 4.6743845639087054 180 4.4597793209315055 180 
4.2489849455999398 180 4.0422039695642846 180 3.8396269006590753 180 
3.6414322498003071 180 3.4477865711324682 180 3.2588445151931857 180 
3.0747488948605572 180 2.895630763844852 180 2.7216095074830595 180 
2.5527929455907867 180 2.3892774471217173 180 2.2311480563802597 180 
2.0784786305277607 180 1.9313319881171145 180 1.7897600683844153 180 
1.6538041010199569 180 1.5234947861338581 180 1.3988524841244412 180 
1.2798874151497963 180 1.1665998678953051 180 1.0589804173217474 180 
0.95701015107045606 180 0.86066090419382346 180 0.769895501871111 180 
0.68466800976139641 180 0.60492399163734856 180 0.53060077393571425 180 
0.46162771685272425 180 0.39792649160530258 180 0.33941136347209538 180 
0.28598948022173831 180 0.23756116552982254 180 0.19402021698045771 180 
0.15525420824344588 180 0.12114479501369212 180 0.091568024295802838 180 
0.066394646613753577 180 0.045490430723159649 180 0.028716480401983203 180 
0.015929552894539522 180 0.0069823785834110599 180 0.0017239814642987866 180 
1.0376102376990869e-31 180
##$PVM_GradCalConst=20550.110000000001
##$PVM_Nucleus1Enum=<1H>
##$PVM_Nucleus1=( 8 )
<1H>
##$PVM_RefPowMod1=AutoAdj
##$PVM_RefPowCh1=2.7075304478287854
##$PVM_RefPowStat1=( 1024 )
<Study: Adj by Bruker:AdjRefPowADJ_REF_POW>
##$PVM_Nucleus2Enum=<1H>
##$PVM_Nucleus3Enum=<1H>
##$PVM_Nucleus4Enum=<1H>
##$PVM_Nucleus5Enum=<1H>
##$PVM_Nucleus6Enum=<1H>
##$PVM_Nucleus7Enum=<1H>
##$PVM_Nucleus8Enum=<1H>
##$PVM_FrqRef=( 8 )
400.38072797888503 0 0 0 0 0 0 0
##$PVM_FrqWorkOffset=( 8 )
0 0 0 0 0 0 0 0
##$PVM_FrqWork=( 8 )
400.38072797888503 0 0 0 0 0 0 0
##$PVM_FrqRefPpm=( 8 )
4.7000000000000002 0 0 0 0 0 0 0
##$PVM_FrqWorkOffsetPpm=( 8 )
0 0 0 0 0 0 0 0
##$PVM_FrqWorkPpm=( 8 )
4.7000000000000002 0 0 0 0 0 0 0
##$PVM_NucleiPpmWork=( 20 )
(<1H>, 4.7000000000000002) (<none>, 0) (<none>, 0) (<none>, 0) (<none>, 0) 
(<none>, 0) (<none>, 0) (<none>, 0) (<none>, 0) (<none>, 0) (<none>, 0) 
(<none>, 0) (<none>, 0) (<none>, 0) (<none>, 0) (<none>, 0) (<none>, 0) 
(<none>, 0) (<none>, 0) (<none>, 0)
##$PVM_TxCoilScMode1=AutoAdj
##$PVM_TxCoilAdjStat1=( 1024 )
<System (Coil)>
##$PVM_TxCoilAmpScaling1=( 2 )
100 100
##$PVM_TxCoilPhaseOffset1=( 2 )
0 90
##$RephaseTime=2
##$SliceSpoiler=(Yes, 5, 2, 12.165385002805337)
##$ReversePE=NoRevPhase
##$ReversePEAdjRunning=No
##$PVM_Isotropic=Isotropic_None
##$PVM_Fov=( 2 )
20 20
##$PVM_FovCm=( 2 )
2 2
##$PVM_SpatResol=( 2 )
0.15625 0.20833333333333334
##$PVM_SliceThick=1
##$PVM_ObjOrderScheme=Interlaced
##$PVM_ObjOrderList=( 5 )
0 2 4 1 3
##$PVM_NSPacks=1
##$PVM_SPackArrNSlices=( 1 )
5
##$PVM_MajSliceOri=No
##$PVM_SPackArrSliceOrient=( 1 )
axial
##$PVM_SPackArrReadOrient=( 1 )
L_R
##$PVM_SPackArrReadOffset=( 1 )
0.17271134450830017
##$PVM_SPackArrPhase1Offset=( 1 )
1.2890623603016143
##$PVM_SPackArrPhase2Offset=( 1 )
0
##$PVM_SPackArrSliceOffset=( 1 )
-2.0549363342914484
##$PVM_SPackArrSliceGapMode=( 1 )
non_contiguous
##$PVM_SPackArrSliceGap=( 1 )
0.25
##$PVM_SPackArrSliceDistance=( 1 )
1.25
##$PVM_SPackArrGradOrient=( 1, 3, 3 )
-0.99939082701909576 0 0.034899496702500969 0 -1 0 0.034899496702500969 0 
0.99939082701909576
##$PVM_SliceGeo=( 1 )
(((-0.99939082701909576 0 -0.034899496702500969 0 1 0 0.034899496702500969 0 
-0.99939082701909576, -0.24432237724618389 1.2890623603016143 
2.0476569836009677, 0 0 0), 20 20 6, <+R;read> <+P;phase> <+S;slice>, 0), 5, 
1, 256, 1, 0, No)
##$PVM_SliceGeoObj=(<BRUKER_SLICEPACKAGE>, GeoCuboidPackId, Standard_GobjShape,
 <PVM_SliceGeo>, <PVM_ObjOrderList>, 0, <R;read> <P;phase> <S;slice>, Yes, 
4195848)
##$PVM_EffPhase0Offset=( 5 )
0.17271134450830017 0.17271134450830017 0.17271134450830017 
0.17271134450830017 0.17271134450830017
##$PVM_EffPhase1Offset=( 5 )
1.2890623603016143 1.2890623603016143 1.2890623603016143 1.2890623603016143 
1.2890623603016143
##$PVM_EffPhase2Offset=( 5 )
0 0 0 0 0
##$PVM_EffSliceOffset=( 5 )
-4.5549363342914484 -3.3049363342914484 -2.0549363342914484 
-0.8049363342914484 0.4450636657085516
##$PVM_EffReadOffset=( 5 )
0.17271134450830017 0.17271134450830017 0.17271134450830017 
0.17271134450830017 0.17271134450830017
##$PVM_Phase0Offset=( 5 )
0.17271134450830017 0.17271134450830017 0.17271134450830017 
0.17271134450830017 0.17271134450830017
##$PVM_Phase1Offset=( 5 )
1.2890623603016143 1.2890623603016143 1.2890623603016143 1.2890623603016143 
1.2890623603016143
##$PVM_Phase2Offset=( 5 )
0 0 0 0 0
##$PVM_SliceOffset=( 5 )
-4.5549363342914484 -3.3049363342914484 -2.0549363342914484 
-0.8049363342914484 0.4450636657085516
##$PVM_ReadOffset=( 5 )
0.17271134450830017 0.17271134450830017 0.17271134450830017 
0.17271134450830017 0.17271134450830017
##$PVM_MbSliceDist=0
##$PVM_MbRelSliceDist=0
##$PVM_MbSliceGeo=( 1 )
(((-0.99939082701909576 0 -0.034899496702500969 0 1 0 0.034899496702500969 0 
-0.99939082701909576, -0.24432237724618389 1.2890623603016143 
2.0476569836009677, 0 0 0), 20 20 6, <+R;read> <+P;phase> <+S;slice>, 0), 5, 
1, 256, 1, 0, No)
##$PVM_MbSliceGeoObj=(<BRUKER_SLICEPACKAGE>, GeoCuboidPackId, 
Standard_GobjShape, <PVM_MbSliceGeo>, <PVM_MbObjOrderList>, 0, <R;read> 
<P;phase> <S;slice>, Yes, 4195848)
##$PVM_MbObjOrderList=( 5 )
0 2 4 1 3
##$PVM_DummyScans=1
##$PVM_DummyScansDur=2000
##$PVM_TriggerModule=Off
##$PVM_TriggerMode=per_PhaseStep
##$PVM_TriggerDelay=1
##$PVM_TriggerDur=0.01
##$PVM_TriggerModuleTime=0
##$PVM_TaggingOnOff=Off
##$PVM_TaggingPulEnum=<bp>
##$PVM_TaggingPul=(0.20000000000000001, 6400, 90, No, 3, 1280, 1, 1, 0, 50, 
67.688261195719633, <bp.exc>)
##$PVM_TaggingPulAmpl=(67.688261195719633, 58.17570850265583, 
-18.305133579027935)
##$PVM_TaggingMode=SPAMM
##$PVM_TaggingDir=Tagging_grid
##$PVM_TaggingDistance=1
##$PVM_TaggingMinDistance=0.001
##$PVM_TaggingThick=0.20000000000000001
##$PVM_TaggingOffset1=0
##$PVM_TaggingOffset2=0
##$PVM_TaggingAngle=0
##$PVM_TaggingDelay=0.01
##$PVM_TaggingModuleTime=0
##$PVM_TaggingInterPulseDelay=1.144230800224427
##$PVM_TaggingPulseNumber=5
##$PVM_TaggingPulseElement=0.040000000000000001
##$PVM_TaggingGradientStrength=5
##$PVM_TaggingGridDelay=0.01
##$PVM_TaggingFL=( 2 )
0 0
##$PVM_TaggingD0=1.0000000000000001e-05
##$PVM_TaggingD1=1.0000000000000001e-05
##$PVM_TaggingD2=0.00097323080022442704
##$PVM_TaggingD3=0.00049186771214363323
##$PVM_TaggingD4=0.00013100000000000001
##$PVM_TaggingP0=40
##$PVM_TaggingLp0=4
##$PVM_TaggingGradAmp1=5
##$PVM_TaggingGradAmp2=-0
##$PVM_TaggingGradAmp3=0
##$PVM_TaggingGradAmp4=5
##$PVM_TaggingSpoiler=(Yes, 1, 0.62286771214363323, 50)
##$PVM_FatSupOnOff=On
##$PVM_FatSupPulEnum=<gauss512>
##$PVM_FatSupPul=(1.9571428571428569, 1400, 90, No, 3, 2740, 
0.41506880000000002, 0.29535713748727183, 0, 50, 4.1028733967757107, 
<gauss512.exc>)
##$PVM_FatSupPulAmpl=(4.1028733967757107, 14.322837352940427, 
-6.130881160578209)
##$PVM_FatSupBandWidth=1400
##$PVM_FatSupSpoil=(Yes, 3, 0.39300000000000002, 37.146213749023929)
##$PVM_FatSupModuleTime=2.5011428571428569
##$PVM_FatSupPerform=Yes
##$PVM_FatSupRampTime=0.13100000000000001
##$PVM_FatSupGradWait=0.01
##$PVM_FatSupFL=( 1 )
-1401.3259616940775
##$PVM_FatSupRfLength=1957.1428571428569
##$PVM_FatSupSpoilDur=0.39300000000000002
##$PVM_FatSupSpoilAmp=37.146213749023929
##$PVM_SatTransOnOff=Off
##$PVM_SatTransType=MTC
##$PVM_SatTransPulse=(1.8266666666666667, 1500, 117.09999999999999, No, 3, 
2740, 0.4181723, 0.29872376467597078, 0, 50, 7.8554847523852356, <gauss.exc>)
##$PVM_SatTransPulseEnum=<gauss>
##$PVM_SatTransPulseAmpl_uT=10.001764446036766
##$PVM_SatTransFreqInput=by_value
##$PVM_SatTransFreqUnit=unit_hz
##$PVM_SatTransFreqValues=( 1 )
1500
##$PVM_SatTransFreqRanges=( 1, 3 )
0 0 0
##$PVM_SatTransInterPulseDelay=0.01
##$PVM_SatTransNPulses=1
##$PVM_SatTransSpoil=(Yes, 5, 2, 12.165385002805337)
##$PVM_SatTransModuleTime=0
##$PVM_SatTransModuleMeanRFPower=1077.6399465899501
##$PVM_SatTransPowerList=( 1 )
7.8554847523852356
##$PVM_SatTransRepetitions=1
##$PVM_SatTransRefScan=Off
##$PVM_SatTransFL=( 1 )
1500
##$PVM_StD0=9.9999999999999995e-07
##$PVM_StD1=9.9999999999999995e-07
##$PVM_StD2=9.9999999999999995e-07
##$PVM_StD3=9.9999999999999995e-07
##$PVM_StP0=10
##$PVM_FovSatOnOff=Off
##$PVM_FovSatPulEnum=<Calculated>
##$PVM_FovSatPul=(1.2, 5000, 90, Yes, 4, 6000, 0.15558072029082534, 
0.13562335619905388, 0, 50, 77.67822650783387, <$PVM_FovSatPulShape>)
##$PVM_FovSatPulAmpl=(77.67822650783387, 62.321034373570001, 
-18.902993015207787)
##$PVM_FovSatNSlices=1
##$PVM_FovSatThick=( 1 )
5
##$PVM_FovSatOffset=( 1 )
-7
##$PVM_FovSatSpoil=(Yes, 10, 0.80000000000000004, 12.165385002805335)
##$PVM_FovSatSpoilDur=0.66900000000000004
##$PVM_FovSatSpoilAmp=12.165385002805335
##$PVM_FovSatModuleTime=0
##$PVM_FovSatGrad=( 1, 3 )
0 4.8661540011221351 0
##$PVM_FovSatRampTime=0.13100000000000001
##$PVM_FovSatGradWait=0.01
##$PVM_FovSatSliceOri=( 1 )
coronal
##$PVM_FovSatSliceVec=( 1, 3 )
0 -1 0
##$PVM_FovSatFL=( 1 )
-7000
##$PVM_FovSatRfLength=1200
##$PVM_FovSatGeoObj=(<BRUKER_FOVSAT>, GeoPlanarId, Standard_GobjShape, 
<PVM_FovSatGeoCub>, <>, 0, <1;first> <2;second> <S;slice>, Yes, 524384)
##$PVM_FovSatGeoCub=( 1 )
(((0 0 -1 -1 0 0 0 1 0, 0 -7 0, 0 0 0), 50 50 5, <+1;first> <+2;second> 
<+S;slice>, 0), 1, 1, 1, 5, 0, No)
##$PVM_TriggerOutOnOff=Off
##$PVM_TriggerOutMode=AT_START
##$PVM_TriggerOutDelay=1
##$PVM_TriggerOutModuleTime=0
##$PVM_DriftCompYesNo=No
##$PVM_DriftCompStore=No
##$PVM_DriftCompUpdateTime=2000
##$PVM_DriftCompNavOnOff=On
##$PVM_DriftCompModuleTime=0
##$PVM_DriftCompNavPoints=96
##$PVM_DriftCompNavPulse=(0.54800000000000004, 5000, 1, No, 3, 2740, 0.4181723,
 0.29872376467597078, 0, 50, 0.0063652679518327922, <gauss.exc>)
##$PVM_DriftCompNavPulseEnum=<gauss>
##$PVM_DriftCompNavSWh=10000
##$PVM_DriftCompNavSpoilYesNo=No
##$PVM_DriftCompNavSpoil=(Yes, 1, 1, 10)
##$PVM_DriftCompStickFreq=No
##$PVM_DriftCompNavD1=9.5999999999999996
##$PVM_DriftCompNavD2=0
##$PVM_DriftCompNavD3=0.044999999999999998
##$PVM_DriftCompNavD4=0.065000000000000002
##$PVM_DriftCompNavD5=0
##$PVM_DriftCompNavP0=1
##$PVM_MapShimReady=Yes
##$PVM_MapShimLocShim=No
##$PVM_MapShimStatus=( 128 )
<Mapshim ready.>
##$PVM_MapShimFailure=( 1, 21 )
<Mapshim is possible.>
##$PVM_MapShimCalcStat=( 256 )
<Not Calculated.>
##$PVM_DynamicShim=( 1, 10 )
0 0 0 0 0 0 0 0 0 0
##$PVM_MapShimNVolumes=1
##$PVM_MapShimVolDescr=(<BRUKER_SHIMVOL>, GeoCuboidPackId, 
Ellipsoid_In_GobjShape, <PVM_MapShimVolumes>, <>, 0, <+1; 1st dir> <+2; 2nd 
dir> <+3; 3rd dir>, Yes, 524288)
##$PVM_MapShimVolumes=( 1 )
(((0.99999069832886101 -0.0035305568139431301 0.0024775843761838598 
0.0035101320946046601 0.99996021631530396 0.0082002901976079602 
-0.0025064373991817599 -0.0081915172727690198 0.99996330773500597, 
-0.65970700000000004 0.289105 0.31733499999999998, 0 0 0), 10.1754 
5.7977499999999997 11.2698, <+1; 1st dir> <+2; 2nd dir> <+3; 3rd dir>, 0), 1, 
1, 1, 11.2698, 0, No)
##$PVM_MapShimVolShape=Ellipsoid
##$PVM_ReqShimEnum=Current_Shim
##$PVM_MapShimUseShims=AllShims
##$PVM_MapShimVolDerive=No
##$PVM_MapShimVolMargin=( 3 )
0 0 0
##$PVM_MapShimVolMaster=( 65 )
<PVM_SliceGeoObj>
##$PVM_DynamicShimEnable=No
##$PVM_DynamicShimConstrainToFast=No
##$PVM_DynamicShimSliceMargin=0
##$PVM_DynamicShimEventDuration=30
##$TempGridding=No
##$GopAdj=Yes
##$PVM_AutoRg=( 1 )
(<job0>, 40.299999999999997)
##$PVM_RampTime=0.10000000000000001
##$PVM_RiseTime=0.13100000000000001
##$PVM_DynamicShimRisetime=10
##$PVM_RgJob=<job0>
##$PVM_RgValue=40.299999999999997
$$ @vis= MethodFileGroup MethodClass Method MethManagGroup PVM_GeoObj
$$ @vis= PVM_StudyInstrumentPosition PVM_ExportHandler MethodAtsRefPosGroup
$$ @vis= PVM_AtsBedPositionMode PVM_AtsChangeRefPos PVM_AtsRefGeoObj
$$ @vis= PVM_AtsRefGeoCub PVM_AtsRefPosTransferred PVM_EffSWh EchoTime
$$ @vis= PVM_MinEchoTime PVM_EchoTime NSegments PVM_RepetitionTime PackDel
$$ @vis= PVM_NEchoImages PVM_NAverages PVM_NRepetitions PVM_ScanTimeStr
$$ @vis= PVM_SignalType PVM_DeriveGains Encoding PVM_MbEncAccelFactor
$$ @vis= PVM_MbEncBlipFactor PVM_EncGen3D PVM_EncGen4D PVM_EncGenPpi
$$ @vis= PVM_EncGenCaipirinha PVM_EncGenTCaipirinha PVM_EncVirtualCoils
$$ @vis= PVM_EncCSNumRef PVM_EncCSGradOpt PVM_EncCSEllipse PVM_EncPftAlgorithm
$$ @vis= PVM_EncPpiRefScan PVM_IsEpiScan PVM_SpatDimEnum PVM_IsotropicFovRes
$$ @vis= PVM_Matrix PVM_MinMatrix PVM_MaxMatrix PVM_DefMatrix PVM_AntiAlias
$$ @vis= PVM_MaxAntiAlias PVM_EncSpectroscopy PVM_EncUseMultiRec
$$ @vis= PVM_EncActReceivers PVM_EncZf PVM_EncPft PVM_EncPftOverscans
$$ @vis= PVM_EncPpi PVM_EncOrder PVM_EncStart Encoding_Output
$$ @vis= PVM_EncNReceivers PVM_EncAvailReceivers PVM_EncChanScaling
$$ @vis= PVM_EncChanPhase PVM_EncMatrix PVM_EncTotalAccel PVM_EncSteps1
$$ @vis= PVM_EncCentralStep1 PVM_EncValues1 PVM_EncGenSteps0 PVM_EncGenSteps1
$$ @vis= PVM_EncGenSteps2 PVM_EncGenValues1 PVM_EncGenTotalSteps
$$ @vis= PVM_EncGenLoopOuter EPI_Parameters PVM_EpiPrefixNavYes
$$ @vis= PVM_EpiSingleNav PVM_EpiCombine PVM_EpiEchoMode PVM_EpiGradSync
$$ @vis= PVM_EpiTempGridding PVM_EpiRampMode PVM_EpiRampForm PVM_EpiRampComp
$$ @vis= PVM_EpiNShots PVM_EpiEchoPosition PVM_EpiRampTime PVM_EpiSlope
$$ @vis= PVM_EpiEffSlope PVM_EpiBlipTime PVM_EpiEchoDelay PVM_EpiModuleTime
$$ @vis= PVM_EpiGradDwellTime PVM_EpiPrevRampTimeOut PVM_EpiPrevRampTimeUsage
$$ @vis= EPI_Corrections PVM_EpiAutoGhost PVM_EpiMaxOrder PVM_EpiDynCorr
$$ @vis= PVM_EpiDoubleShotAdj PVM_EpiAcqDelayTrim PVM_EpiBlipsOff
$$ @vis= PVM_EpiBlipAsym PVM_EpiReadAsym PVM_EpiReadDephTrim PVM_EpiDriftCorr
$$ @vis= PVM_EpiGrappaSegAdj PVM_EpiGrappaThresh EPI_Details PVM_EpiMatrix
$$ @vis= PVM_EpiEchoSpacing PVM_EpiEffBandwidth PVM_EpiBandwidth
$$ @vis= PVM_EpiPrevBandwidthOut PVM_EpiPrevBandwidthUsage PVM_EpiDephaseTime
$$ @vis= PVM_EpiDephaseRampTime PVM_EpiPlateau PVM_EpiAcqDelay
$$ @vis= PVM_EpiInterTime PVM_EpiSwitchTime PVM_EpiReadDephGrad
$$ @vis= PVM_EpiReadRefDephGrad PVM_EpiReadOddGrad PVM_EpiReadEvenGrad
$$ @vis= PVM_EpiPhaseDephGrad PVM_EpiPhaseRephGrad PVM_EpiBlipOddGrad
$$ @vis= PVM_EpiBlipEvenGrad PVM_EpiPhaseEncGrad PVM_EpiPhaseRewGrad
$$ @vis= PVM_EpiPhase3DGrad PVM_EpiNEchoes PVM_EpiEchoCounter
$$ @vis= PVM_EpiRampUpIntegral PVM_EpiRampDownIntegral PVM_EpiBlipIntegral
$$ @vis= PVM_EpiSlopeFactor PVM_EpiSlewRate PVM_EpiNSamplesPerScan
$$ @vis= PVM_EpiPrefixNavDur PVM_EpiPrefixNavSize PVM_EpiAdjustMode
$$ @vis= PVM_EpiAdjOrigValueUsage PVM_EpiAdjOrigBlipTime
$$ @vis= PVM_EpiAdjOrigDephaseTime PVM_EpiAdjOrigNShots PVM_EpiReadCenter
$$ @vis= PVM_EpiPhaseCorrection PVM_MbEpiBlipGrad PVM_MbEpiBlipList
$$ @vis= PVM_MbEpiSegList PVM_MbEpiSegListP PVM_MbEpiNBlip EPI_Trajectory
$$ @vis= PVM_EpiTrajAdjYesNo PVM_EpiTrajAdjAutomatic PVM_EpiTrajAdjMeasured
$$ @vis= PVM_EpiTrajAdjkx PVM_EpiTrajAdjb0 PVM_EpiTrajAdjDistRatio
$$ @vis= PVM_EpiTrajAdjDistRatioUsed PVM_EpiTrajGeoObj PVM_EpiTrajGeoCub
$$ @vis= PVM_EpiTrajMasterGeoObjParname PVM_EpiTrajMasterGeoCubParname
$$ @vis= RF_Pulses ExcPulseEnum ExcPul ExcPulseShape RefPulseShape Nuclei
$$ @vis= PVM_GradCalConst PVM_Nucleus1Enum PVM_Nucleus1 PVM_RefPowMod1
$$ @vis= PVM_RefPowCh1 PVM_RefPowStat1 PVM_FrqRef PVM_FrqWorkOffset
$$ @vis= PVM_FrqWork PVM_FrqRefPpm PVM_FrqWorkOffsetPpm PVM_FrqWorkPpm
$$ @vis= PVM_NucleiPpmWork PVM_TxCoilScMode1 PVM_TxCoilAdjStat1
$$ @vis= PVM_TxCoilAmpScaling1 PVM_TxCoilPhaseOffset1 Sequence_Details
$$ @vis= RephaseTime PVM_MinFov PVM_MinSliceThick SliceSpoiler ReversePE
$$ @vis= ReversePEAdjRunning ImageGeometry PVM_Isotropic PVM_Fov PVM_SpatResol
$$ @vis= PVM_SliceThick PVM_ObjOrderScheme PVM_ObjOrderList PVM_NSPacks
$$ @vis= PVM_SPackArrNSlices PVM_MajSliceOri PVM_SPackArrSliceOrient
$$ @vis= PVM_SPackArrReadOrient PVM_SPackArrReadOffset
$$ @vis= PVM_SPackArrPhase1Offset PVM_SPackArrSliceOffset
$$ @vis= PVM_SPackArrSliceGapMode PVM_SPackArrSliceGap
$$ @vis= PVM_SPackArrSliceDistance PVM_SliceGeo PVM_SliceGeoObj
$$ @vis= SliceOffsetPars PVM_MbSliceDist PVM_MbRelSliceDist PVM_MbSliceGeo
$$ @vis= PVM_MbSliceGeoObj PVM_MbObjOrderList Preparation
$$ @vis= DummyScans_Parameters PVM_DummyScans PVM_DummyScansDur
$$ @vis= PVM_TriggerModule PVM_TaggingOnOff PVM_FatSupOnOff Fat_Sup_Parameters
$$ @vis= PVM_FatSupPulEnum PVM_FatSupPul PVM_FatSupBandWidth PVM_FatSupSpoil
$$ @vis= PVM_FatSupModuleTime PVM_FatSupPerform PVM_FatSupRampTime
$$ @vis= PVM_FatSupGradWait PVM_FatSupFL PVM_FatSupRfLength PVM_FatSupSpoilDur
$$ @vis= PVM_FatSupSpoilAmp PVM_SatTransOnOff PVM_FovSatOnOff
$$ @vis= Fov_Sat_Parameters PVM_TriggerOutOnOff DriftComp_Parameters
$$ @vis= PVM_DriftCompYesNo PVM_DriftCompNavOnOff PVM_DriftCompNavD1
$$ @vis= PVM_DriftCompNavD2 PVM_DriftCompNavD3 PVM_DriftCompNavD4
$$ @vis= PVM_DriftCompNavD5 PVM_DriftCompNavP0 MapShim PVM_MapShimReady
$$ @vis= PVM_MapShimStatus PVM_MapShimFailure PVM_DynamicShim
$$ @vis= PVM_MapShimNVolumes PVM_MapShimVolumes PVM_ReqShimEnum
$$ @vis= PVM_MapShimVolMaster PVM_DynamicShimConstrainToFast TempGridding
$$ @vis= GopAdj PVM_AutoRg PVM_RampTime PVM_RiseTime PVM_DynamicShimRisetime
$$ @vis= RgGroup PVM_RgJob PVM_RgValue
##END=
$$ File finished by PARX at 2024-07-25 09:59:09.989 +0200
