##TITLE=Parameter List, ParaVision 360 V3.6
##JCAMPDX=4.24
##DATATYPE=Parameter Values
##ORIGIN=Bruker BioSpin GmbH & Co. KG
##OWNER=nmrsu
$$ Write Options: Symbolic Enums
$$ 2024-12-04 10:16:15.779 +0100  nmrsu@czc1517bc3
$$ /opt/nmrdata/PV-360.3.6/data/nmrsu/20241204_095940_std_PV360_3_6_94T_protocols_B_1_3/12/MapShim
$$ process /opt/PV-360.3.6/prog/bin/parxserver
##$PVM_MapShimReady=Yes
##$PVM_MapShimLocShim=No
##$PVM_MapShimStatus=( 128 )
<Mapshim ready.>
##$PVM_MapShimFailure=( 1, 21 )
<Mapshim is possible.>
##$PVM_MapShimCalcStat=( 256 )
<Succeeded>
##$PVM_DynamicShim=( 1, 10 )
0 0 0 0 0 0 0 0 0 0
##$PVM_MapShimNVolumes=1
##$PVM_MapShimVolDescr=(<BRUKER_SHIMVOL>, GeoCuboidPackId, 
Ellipsoid_In_GobjShape, <PVM_MapShimVolumes>, <>, 0, <+1; 1st dir> <+2; 2nd 
dir> <+3; 3rd dir>, Yes, 524288)
##$PVM_MapShimVolumes=( 1 )
(((0.99999069832886101 -0.0035305568139431301 0.0024775843761838598 
0.0035101320946046601 0.99996021631530396 0.0082002901976079602 
-0.0025064373991817599 -0.0081915172727690198 0.99996330773500597, 
2.1976500589056016 14.390404857905386 -2.8034891053009834, 0 0 0), 10.1754 
5.7977499999999997 11.2698, <+1; 1st dir> <+2; 2nd dir> <+3; 3rd dir>, 0), 1, 
1, 1, 11.2698, 0, No)
##$PVM_MapShimVolShape=Ellipsoid
##$PVM_StudyB0Map=(</opt/nmrdata/PV-360.3.6/data/nmrsu>, 
<20241204_095940_std_PV360_3_6_94T_protocols_B_1_3>, 7, 1, 
<2.16.756.5.5.200.906653985.49575.1733303191.830>, <>, <>)
##$PVM_B0MapShimset=( 10 )
0 3.1563286793316547 0 0 0.96894789044022278 4.645609216449226 0 0 0 0
##$PVM_ReqShimEnum=Map_Shim
##$PVM_MapShimUseShims=AllShims
##$PVM_MapShimVolDerive=No
##$PVM_MapShimVolMargin=( 3 )
0 0 0
##$PVM_MapShimVolMaster=( 65 )
<PVM_SliceGeoObj>
##$PVM_DynamicShimEnable=No
##$PVM_DynamicShimConstrainToFast=No
##$PVM_DynamicShimSliceMargin=1
##$PVM_DynamicShimEventDuration=30
##$PVM_ShimCoeffNcal=10
##$PVM_ShimCoeffNcoeff=36
##$PVM_ShimCoeffId=( 10, 42 )
<Ch1: Spf17 FRED> <Ch2: Spf3 Gradient Z> <Ch3: Spf4 SPS1,1 CoilPins=B1-B2 
CoilId=1> <Ch4: Spf9 SPS1,7 CoilPins=B4-B5 CoilId=6> <Ch5: Spf1 Gradient X> 
<Ch6: Spf2 Gradient Y> <Ch7: Spf5 SPS1,4 CoilPins=C4-C5 CoilId=2> <Ch8: Spf6 
SPS1,3 CoilPins=D1-D2 CoilId=3> <Ch9: Spf7 SPS1,6 CoilPins=F1-F2 CoilId=4> 
<Ch10: Spf8 SPS1,5 CoilPins=E4-E5 CoilId=5>
##$PVM_ShimCoeffHwStatus=( 1024 )
<B-GA105S HP GRAD SYSTEM BC70-94/17 MXW. (BFR W149640/000081).102689659>
##$PVM_ShimCoeffCalVersion=( 128 )
<PV-360-1.1-V1>
##$PVM_ShimCoeffCoeff=( 10, 36 )
-625000 0 0 0 0 0 0 0 0 0 0 0 0 0 0 0 0 0 0 0 0 0 0 0 0 0 0 0 0 0 0 0 0 0 0 0 
-43.803231240731577 135.84334678892549 1.4505343774529782 0 0 0 0 0 0 0 0 0 0 
0 0 0 0 0 0 0 0 0 0 0 0 0 0 0 0 0 0 0 0 0 0 0 2282.043011331963 
-3.373547014416872 -0.75991715175769536 -0 -7.2786269948957587 -0 -0 -0 -0 
-0.0063607252345856862 -0 -0 -0 -0 -0 -0 0 0 0 0 0 0 0 0 0 0 0 0 0 0 0 0 0 0 
0 0 -0.73763730143530548 5.4230355199991385 -0.088178892311106719 
-0.10233832298308061 -0.091534399170538724 -0 -0 -0 -0 -0.069702945789506962 
-0 0.0016785892469863752 -0 -0 -0 -0 -0 -0 -0 -0 -0 -0 -0 -0 -0 
-9.5497230982612334e-06 -0 -0 -0 -0 -0 -0 -0 -0 -0 -0 -83.167873316160325 
1.189551409920508 143.67358166373427 0 0 0 0 0 0 0 0 0 0 0 0 0 0 0 0 0 0 0 0 
0 0 0 0 0 0 0 0 0 0 0 0 0 -7.0444781340034011 0 1.212405301607242 
140.97802353750291 0 0 0 0 0 0 0 0 0 0 0 0 0 0 0 0 0 0 0 0 0 0 0 0 0 0 0 0 0 
0 0 0 5.64900405881155 0 3.5902086028178228 1.1651780239745757 0 
7.7431154149854162 0 0 0 0 0 0 0 0 0 0 0 0 0 0 0 0 0 0 0 0 0 0 0 0 0 0 0 0 0 
0 19.800612406422026 0.48555385500239012 -0.42096577332278229 
2.7404550424001406 0 0 0 7.8816644159614375 0 0 0 0 0 0 0 0 0 0 0 0 0 0 0 0 0 
0 0 0 0 0 0 0 0 0 0 0 -26.163979031142709 0 1.2392794405024918 
0.92588848491289077 0 0 0 0 4.9168643860659493 0 0 0 0 0 0 0 0 0 0 0 0 0 0 0 
0 0 0 0 0 0 0 0 0 0 0 0 17.681116555759374 0 0.59573365783351939 0 0 0 
4.6071716529102824 0 0 0 0 0 0 0 0 0 0 0 0 0 0 0 0 0 0 0 0 0 0 0 0 0 0 0 0 0
##$PVM_ShimCoeffCoeffSD=( 10, 36 )
0 0 0 0 0 0 0 0 0 0 0 0 0 0 0 0 0 0 0 0 0 0 0 0 0 0 0 0 0 0 0 0 0 0 0 0 
0.090053493773040824 0.019141996114867117 0.019278972293142214 0 0 0 0 0 0 0 
0 0 0 0 0 0 0 0 0 0 0 0 0 0 0 0 0 0 0 0 0 0 0 0 0 0 -0.043162310963370421 
-0.0091754138620448143 -0.0092402332994597838 -0 -0.0013304109424517598 -0 -0 
-0 -0 -0.00016957382384398648 -0 -0 -0 -0 -0 -0 0 0 0 0 0 0 0 0 0 0 0 0 0 0 0 
0 0 0 0 0 -0.0049336832943418386 -0.0010489351055008309 
-0.0010562081512283791 -0.0010487038427093079 -0.00015207309559847748 -0 -0 
-0 -0 -1.939001634224788e-05 -0 -3.8173280278641139e-05 -0 -0 -0 -0 -0 -0 -0 
-0 -0 -0 -0 -0 -0 -2.6319637187935868e-07 -0 -0 -0 -0 -0 -0 -0 -0 -0 -0 
0.066485855220543275 0.01413239985483223 0.014233528394946543 0 0 0 0 0 0 0 0 
0 0 0 0 0 0 0 0 0 0 0 0 0 0 0 0 0 0 0 0 0 0 0 0 0 0.076504541651756755 0 
0.01637836442549374 0.016261996927719721 0 0 0 0 0 0 0 0 0 0 0 0 0 0 0 0 0 0 
0 0 0 0 0 0 0 0 0 0 0 0 0 0 0.03021818642965891 0 0.0064692168456524351 
0.0064232533686330619 0 0.0016202676413352999 0 0 0 0 0 0 0 0 0 0 0 0 0 0 0 0 
0 0 0 0 0 0 0 0 0 0 0 0 0 0 0.027586654432063026 0.00586388833832028 
0.0059058491144898658 0.0058638883383202757 0 0 0 0.001488395517172017 0 0 0 
0 0 0 0 0 0 0 0 0 0 0 0 0 0 0 0 0 0 0 0 0 0 0 0 0 0.027337836974609921 0 
0.0058525813880830812 0.005810999076567902 0 0 0 0 0.00073291315375871189 0 0 
0 0 0 0 0 0 0 0 0 0 0 0 0 0 0 0 0 0 0 0 0 0 0 0 0 0.030983450772938452 0 
0.0066328098939468002 0 0 0 0.00083658772544421866 0 0 0 0 0 0 0 0 0 0 0 0 0 
0 0 0 0 0 0 0 0 0 0 0 0 0 0 0 0
##$PVM_CfgInfoMr_ElectronicSystem=( 128 )
<AVANCE NEO>
##$PVM_CfgInfoMr_FieldStrength=9.4025290926642828
##$PVM_CfgInfoMr_Frequency=400.33600000000001
##$PVM_CfgInfoMr_OperationMode=( 1024 )
<[1H] TX/RX Surface>
##$PVM_CfgInfoMr_GradientCoil=( 1024 )
<B-GA105S HP GRAD SYSTEM BC70-94/17 MXW. (BFR_W149640_000081)>
##$PVM_CfgInfoMr_GradientController=( 3, 1024 )
<Gradient Controller (BFR_W149910_1542)> <Gradient Controller 
(BFR_W149910_1533)> <Gradient Controller (BFR_W149910_1543)>
##$PVM_CfgInfoMr_GradientAmplifier=( 3, 1024 )
<BGA> <BGA> <BGA>
##$PVM_CfgInfoMr_GradientPowerSupply=( 3, 1024 )
<IECO_300A_300V> <IECO_300A_300V> <IECO_300A_300V>
##$PVM_CfgInfoMr_GradientPowerSupplyImax=( 10 )
300 300 300 0 0 0 0 0 0 0
##$PVM_CfgInfoMr_ShimCoil=( 1024 )
<B-GA105S HP GRAD SYSTEM BC70-94/17 MXW. (BFR_W149640_000081)>
##$PVM_CfgInfoMr_ShimController=( 1, 1024 )
<Shim Controller (BFR_W149910_1386)>
##$PVM_CfgInfoMr_ShimUnitType=( 128 )
<GTCUBE>
##$PVM_CfgInfoMr_ShimPowerSupply=( 1, 1024 )
<BSPS_8155>
##$PVM_CfgInfoMr_SPSOutputChannels=8
##$PVM_CfgInfoMr_SPSToCoilChan=( 8, 14 )
<Shim_Z2> <Not Connected> <Shim_YZ> <Shim_XZ> <Shim_X2_Y2> <Shim_2XY> 
<Shim_Z3> <Not Connected>
##$PVM_CfgInfoMr_SPSToCoilImax=( 8 )
5 5 5 5 5 5 5 5
##$PVM_CfgInfoMr_SPSToCoilUmax=( 8 )
16 16 16 16 16 16 16 16
##$PVM_CfgInfoMr_ShimMaxValue=131070
##$PVM_CfgInfoMr_RfPowerTransmitter=( 2, 1024 )
<AV4 BLABB1000 15-650 (W148221_000011)> <AV4 BLA2BB500 15-650 (W148220_000004)
>
##$PVM_CfgInfoMr_Transceiver=( 7, 1024 )
<AV4 TRANSCEIVER 1200 (BCH_Z148391_10315)> <AV4 TRANSCEIVER 1200 
(BCH_Z148391_07953)> <AV4 TRANSCEIVER 1200 (BCH_Z148391_07950)> <AV4 
TRANSCEIVER 1200 (BCH_Z148391_07951)> <AV4 TRANSCEIVER 1200 
(BCH_Z148391_08072)> <AV4 TRANSCEIVER 1200 (BCH_Z148391_07952)> <AV4 
TRANSCEIVER 1200 (BCH_Z148391_07954)>
##$PVM_CfgInfoMr_ShimChecksumComponentName=( 36, 34 )
<GTCUBE> <shimMaxVal=131070> <nSPS=8> <Shim_Z2> <SPS_vmax[0]=16> 
<SPS_imax[0]=5000> <Shim_Invalid> <SPS_vmax[1]=16> <SPS_imax[1]=5000> 
<Shim_YZ> <SPS_vmax[2]=16> <SPS_imax[2]=5000> <Shim_XZ> <SPS_vmax[3]=16> 
<SPS_imax[3]=5000> <Shim_X2_Y2> <SPS_vmax[4]=16> <SPS_imax[4]=5000> <Shim_2XY>
 <SPS_vmax[5]=16> <SPS_imax[5]=5000> <Shim_Z3> <SPS_vmax[6]=16> 
<SPS_imax[6]=5000> <Shim_Invalid> <SPS_vmax[7]=16> <SPS_imax[7]=5000> 
<shimStatus=BFR_W149640_000081> <nGPS=3> <IECO_300A_300V> <GPS_imax[1]=300000>
 <IECO_300A_300V> <GPS_imax[2]=300000> <IECO_300A_300V> <GPS_imax[4]=300000> 
<gradientStatus=BFR_W149640_000081>
##$PVM_CfgInfoMr_ShimChecksumComponentValue=( 36, 34 )
<ShimUnit=7> <shimMaxVal=131070> <nSPS=8> <SPS_ch2sh[0]=2> <SPS_vmax[0]=16> 
<SPS_imax[0]=5000> <SPS_ch2sh[1]=64> <SPS_vmax[1]=16> <SPS_imax[1]=5000> 
<SPS_ch2sh[2]=8> <SPS_vmax[2]=16> <SPS_imax[2]=5000> <SPS_ch2sh[3]=7> 
<SPS_vmax[3]=16> <SPS_imax[3]=5000> <SPS_ch2sh[4]=10> <SPS_vmax[4]=16> 
<SPS_imax[4]=5000> <SPS_ch2sh[5]=9> <SPS_vmax[5]=16> <SPS_imax[5]=5000> 
<SPS_ch2sh[6]=3> <SPS_vmax[6]=16> <SPS_imax[6]=5000> <SPS_ch2sh[7]=64> 
<SPS_vmax[7]=16> <SPS_imax[7]=5000> <shimStatus=BFR_W149640_000081> <nGPS=3> 
<GPS_type[1]=12> <GPS_imax[1]=300000> <GPS_type[2]=12> <GPS_imax[2]=300000> 
<GPS_type[4]=12> <GPS_imax[4]=300000> <gradientStatus=BFR_W149640_000081>
##$PVM_CfgInfoMr_NShimChecksumComponents=36
##$PVM_MapShimReportBasicShimStatistics=( 2 )
(Yes, <Map>, 346.36259078979492, 5811, 4.4241851496222457, 16.5036942495279, 
-111.15776085954225, 309.23282122391561, 11.445729494131964, 100, 7, 71) (Yes,
 <Basic Shim>, 346.36259078979492, 5811, 2.5264644924027129e-11, 
12.519649339391021, -133.91886865084439, 288.91632887109319, 
7.3208388062631808, 100, 31, 123)
##$PVM_MapShimReportDynamicShimStatistics=( 2, 1 )
(No, <>, 0, 0, 0, 0, 0, 0, 0, 0, 0, 0) (No, <>, 0, 0, 0, 0, 0, 0, 0, 0, 0, 0)
##$PVM_AdjShimset=( 10 )
0.033118298400227737 -1.0755099788258402 3.1427653033696865 
-11.942715487571085 0.29680942783428332 -0.29309506814444469 
0.28816447285475844 5.2184577609938421 0.39971289821454248 -1.364574377670118
##$PVM_MapShimReportBasicShimHistograms=( 4, 100 )
-44.591786771475618 -43.601565116503949 -42.611343461532272 
-41.621121806560595 -40.630900151588925 -39.640678496617248 
-38.650456841645578 -37.660235186673901 -36.670013531702224 
-35.679791876730555 -34.689570221758878 -33.699348566787208 
-32.709126911815531 -31.718905256843858 -30.728683601872184 
-29.738461946900507 -28.748240291928834 -27.758018636957161 
-26.767796981985487 -25.777575327013814 -24.787353672042141 
-23.797132017070464 -22.80691036209879 -21.816688707127117 
-20.826467052155444 -19.83624539718377 -18.846023742212097 -17.85580208724042 
-16.865580432268747 -15.875358777297073 -14.8851371223254 -13.894915467353727 
-12.90469381238205 -11.91447215741038 -10.924250502438703 -9.934028847467026 
-8.9438071924953562 -7.9535855375236792 -6.9633638825520094 
-5.9731422275803325 -4.9829205726086556 -3.9926989176369858 
-3.0024772626653089 -2.0122556076936391 -1.0220339527219622 
-0.031812297750285268 0.95840935722138454 1.9486310121930615 
2.9388526671647313 3.9290743221364082 4.919295977108078 5.9095176320797549 
6.8997392870514318 7.8899609420231016 8.8801825969947785 9.8704042519664483 
10.860625906938125 11.850847561909802 12.841069216881472 13.831290871853149 
14.821512526824819 15.811734181796496 16.801955836768173 17.792177491739842 
18.782399146711519 19.772620801683189 20.762842456654866 21.753064111626543 
22.74328576659822 23.733507421569882 24.723729076541559 25.713950731513236 
26.704172386484913 27.69439404145659 28.684615696428253 29.67483735139993 
30.665059006371607 31.655280661343284 32.64550231631496 33.635723971286623 
34.6259456262583 35.616167281229977 36.606388936201654 37.596610591173331 
38.586832246144994 39.57705390111667 40.567275556088347 41.557497211060024 
42.547718866031701 43.537940521003364 44.528162175975041 45.518383830946718 
46.508605485918395 47.498827140890072 48.489048795861734 49.479270450833411 
50.469492105805088 51.459713760776765 52.449935415748428 53.440157070720105 
0.0076923076923076927 0 0.0038461538461538464 0 0.0038461538461538464 
0.0076923076923076927 0 0.015384615384615385 0.011538461538461539 0 
0.019230769230769232 0.011538461538461539 0.019230769230769232 
0.0076923076923076927 0.019230769230769232 0.011538461538461539 
0.019230769230769232 0.015384615384615385 0.015384615384615385 
0.023076923076923078 0.057692307692307696 0.057692307692307696 
0.057692307692307696 0.080769230769230774 0.076923076923076927 
0.092307692307692313 0.12307692307692308 0.13076923076923078 
0.16538461538461538 0.12692307692307692 0.20384615384615384 
0.16538461538461538 0.2846153846153846 0.22307692307692309 
0.31538461538461537 0.44230769230769229 0.42307692307692307 
0.48076923076923078 0.55384615384615388 0.70769230769230773 
0.82692307692307687 0.87307692307692308 0.95769230769230773 1 
0.82692307692307687 0.92307692307692313 0.81923076923076921 
0.67307692307692313 0.69999999999999996 0.65000000000000002 
0.61923076923076925 0.58076923076923082 0.50384615384615383 
0.4653846153846154 0.46923076923076923 0.48461538461538461 
0.39615384615384613 0.38846153846153847 0.30769230769230771 
0.33846153846153848 0.29999999999999999 0.31153846153846154 
0.2846153846153846 0.26538461538461539 0.25769230769230766 
0.20000000000000001 0.23076923076923078 0.15769230769230769 
0.19230769230769232 0.14615384615384616 0.18461538461538463 
0.1423076923076923 0.15384615384615385 0.11538461538461539 
0.092307692307692313 0.088461538461538466 0.13846153846153847 
0.11153846153846154 0.096153846153846159 0.08461538461538462 
0.050000000000000003 0.092307692307692313 0.065384615384615388 
0.046153846153846156 0.080769230769230774 0.038461538461538464 
0.030769230769230771 0.030769230769230771 0.038461538461538464 
0.053846153846153849 0.026923076923076925 0.030769230769230771 
0.015384615384615385 0.0038461538461538464 0.015384615384615385 
0.026923076923076925 0.023076923076923078 0.011538461538461539 
0.023076923076923078 0.0076923076923076927 -37.183358537966065 
-36.432179577602604 -35.681000617239143 -34.929821656875681 
-34.17864269651222 -33.427463736148759 -32.676284775785298 
-31.925105815421837 -31.173926855058376 -30.422747894694915 
-29.671568934331454 -28.920389973967993 -28.169211013604532 
-27.41803205324107 -26.666853092877609 -25.915674132514148 
-25.164495172150687 -24.413316211787226 -23.662137251423765 
-22.910958291060304 -22.159779330696843 -21.408600370333378 
-20.657421409969917 -19.906242449606456 -19.155063489242995 
-18.403884528879534 -17.652705568516073 -16.901526608152611 
-16.15034764778915 -15.399168687425689 -14.647989727062228 
-13.896810766698767 -13.145631806335306 -12.394452845971845 
-11.643273885608384 -10.892094925244923 -10.140915964881462 
-9.3897370045180004 -8.6385580441545393 -7.8873790837910782 
-7.1362001234276171 -6.385021163064156 -5.6338422027006949 
-4.8826632423372303 -4.1314842819737692 -3.3803053216103081 
-2.629126361246847 -1.8779474008833859 -1.1267684405199248 
-0.37558948015646365 0.37558948020699745 1.1267684405704586 
1.8779474009339197 2.6291263612973808 3.3803053216608419 4.131484282024303 
4.8826632423877641 5.6338422027512252 6.3850211631146863 7.1362001234781474 
7.8873790838416085 8.6385580442050696 9.3897370045685307 10.140915964931992 
10.892094925295453 11.643273885658914 12.394452846022375 13.145631806385836 
13.896810766749297 14.647989727112758 15.399168687476219 16.150347647839681 
16.901526608203142 17.652705568566603 18.403884528930064 19.155063489293525 
19.906242449656986 20.657421410020447 21.408600370383908 22.159779330747369 
22.91095829111083 23.662137251474292 24.413316211837753 25.164495172201214 
25.915674132564675 26.666853092928143 27.418032053291604 28.169211013655065 
28.920389974018526 29.671568934381988 30.422747894745449 31.17392685510891 
31.925105815472371 32.676284775835832 33.427463736199293 34.178642696562754 
34.929821656926215 35.681000617289676 36.432179577653137 37.183358538016599 
0.0032020727921585881 0.0031776294884016524 0.0095451101170834253 
0.0063552589768033048 0.0063674806286817725 0.0032020727921585881 
0.0095328884652049577 0.019114663537923786 0.015924812397643665 
0.0095328884652049577 0.019126885189802253 0.019102441886045318 
0.0095939967245972976 0.006379702280560241 0.028659773655007215 
0.028635330351250272 0.031837403143408868 0.015937034049522132 
0.02546992251472709 0.012783847864877417 0.01607147222018528 
0.038314878638996845 0.019249101708586933 0.035210579061866004 
0.066974652294004053 0.041602502994304708 0.041700276209332456 
0.079856273373909228 0.057722861822003868 0.092554569675637369 
0.070555596294395159 0.099032045171225352 0.13118721126347438 
0.18183373664784533 0.14081787294370707 0.20477377722372958 
0.24602185231355869 0.31611302583657208 0.34494390261787783 
0.37403143408863143 0.44114052455329872 0.55568184595829972 
0.57183886974163423 0.72132189386717516 0.822456063161497 0.96893256092493463 
0.81607636088093671 0.96813815355283417 1 0.85367016205910384 
0.75506587470362496 0.77400943511525022 0.6466598225416148 
0.58934027523160026 0.4813130942778226 0.47818435139693483 
0.38575199824008216 0.34124074209870209 0.32191831047884434 
0.25210823494903567 0.24880838894184937 0.1757595756642468 
0.17885165358949917 0.14701425044609032 0.17558847253794824 
0.12456307594534478 0.12148321967197086 0.13396152623988658 
0.095939967245972979 0.15299063821466108 0.10227078291901934 
0.086248197306347932 0.092640121238786635 0.060741609835985429 
0.070201168389919577 0.060656058272836155 0.073525457700862856 
0.035308352276893745 0.032081836180978221 0.02251228276013786 
0.035112805846838263 0.038424873505903061 0.025628803989147176 
0.031922954706558142 0.038388208550267658 0.038253770379604507 
0.025518809122240964 0.031874068099044264 0.022365622937596245 
0.019236880056708466 0.03503947593556745 0.031874068099044264 
0.02229229302632544 0.015900369093886729 0.019114663537923786 
0.00644081053995258 0.0032509593996724595 0.012747182909242014 
0.0096062183764757652 0.012734961257363545
##$PVM_MapShimReportDynamicShimHistograms=( 1, 4, 100 )
0 0 0 0 0 0 0 0 0 0 0 0 0 0 0 0 0 0 0 0 0 0 0 0 0 0 0 0 0 0 0 0 0 0 0 0 0 0 0 
0 0 0 0 0 0 0 0 0 0 0 0 0 0 0 0 0 0 0 0 0 0 0 0 0 0 0 0 0 0 0 0 0 0 0 0 0 0 0 
0 0 0 0 0 0 0 0 0 0 0 0 0 0 0 0 0 0 0 0 0 0 0 0 0 0 0 0 0 0 0 0 0 0 0 0 0 0 0 
0 0 0 0 0 0 0 0 0 0 0 0 0 0 0 0 0 0 0 0 0 0 0 0 0 0 0 0 0 0 0 0 0 0 0 0 0 0 0 
0 0 0 0 0 0 0 0 0 0 0 0 0 0 0 0 0 0 0 0 0 0 0 0 0 0 0 0 0 0 0 0 0 0 0 0 0 0 0 
0 0 0 0 0 0 0 0 0 0 0 0 0 0 0 0 0 0 0 0 0 0 0 0 0 0 0 0 0 0 0 0 0 0 0 0 0 0 0 
0 0 0 0 0 0 0 0 0 0 0 0 0 0 0 0 0 0 0 0 0 0 0 0 0 0 0 0 0 0 0 0 0 0 0 0 0 0 0 
0 0 0 0 0 0 0 0 0 0 0 0 0 0 0 0 0 0 0 0 0 0 0 0 0 0 0 0 0 0 0 0 0 0 0 0 0 0 0 
0 0 0 0 0 0 0 0 0 0 0 0 0 0 0 0 0 0 0 0 0 0 0 0 0 0 0 0 0 0 0 0 0 0 0 0 0 0 0 
0 0 0 0 0 0 0 0 0 0 0 0 0 0 0 0 0 0 0 0 0 0 0 0 0 0 0 0 0 0 0 0 0 0 0 0 0 0 0 
0 0 0 0 0 0 0 0 0 0
##$PVM_MapShimReportShimCalcStatus=( 1, 11 )
<Succeeded.>
##$PVM_MapShimReportNDynamicShims=1
##$PVM_MapShimReportNShims=10
##$PVM_MapShimReportShimProperties=( 10 )
(<Z0>, 1, 0) (<Z>, 3.6265060240963858, 0) (<Z2>, 5, 1) (<Z3>, 5, 1) (<X>, 
3.6256135547008284, 0) (<Y>, 3.6217378121998043, 0) (<ZX>, 5, 1) (<ZY>, 5, 1) 
(<2XY>, 5, 1) (<X2-Y2>, 5, 1)
##$PVM_MapShimReportShimIdentifiers=( 10, 42 )
<Ch1: Spf17 FRED> <Ch2: Spf3 Gradient Z> <Ch3: Spf4 SPS1,1 CoilPins=B1-B2 
CoilId=1> <Ch4: Spf9 SPS1,7 CoilPins=B4-B5 CoilId=6> <Ch5: Spf1 Gradient X> 
<Ch6: Spf2 Gradient Y> <Ch7: Spf5 SPS1,4 CoilPins=C4-C5 CoilId=2> <Ch8: Spf6 
SPS1,3 CoilPins=D1-D2 CoilId=3> <Ch9: Spf7 SPS1,6 CoilPins=F1-F2 CoilId=4> 
<Ch10: Spf8 SPS1,5 CoilPins=E4-E5 CoilId=5>
##$PVM_MapShimReportShimHardwareChainIdentifier=( 71 )
<B-GA105S HP GRAD SYSTEM BC70-94/17 MXW. (BFR W149640/000081).102689659>
##$PVM_MapShimGradCC=412689
##$PVM_MapShimScalingFactors=( 3 )
0.97200000286102295 0.99299997091293302 1
##$PVM_MapShimReportCradlePositions=( 2 )
0 0
##END=
$$ File finished by PARX at 2024-12-04 10:16:15.780 +0100
